15 160.19 0
15 160.19 1
15 160.19 2
15 160.19 3
15 160.19 4
15 160.19 5
15 160.19 6
15 160.19 7
15 160.19 8
15 160.19 9
15 160.19 10
15 160.19 11
15 160.19 12
15 160.19 13
15 160.19 14
15 160.19 15
15 160.19 16
15 160.19 17
15 160.19 18
15 160.19 19
15 156.85 0
15 156.85 1
15 156.85 2
15 156.85 3
15 156.85 4
15 156.85 5
15 156.85 6
15 156.85 7
15 156.85 8
15 156.85 9
15 156.85 10
15 156.85 11
15 156.85 12
15 156.85 13
15 156.85 14
15 156.85 15
15 156.85 16
15 156.85 17
15 156.85 18
15 156.85 19
15 153.51 0
15 153.51 1
15 153.51 2
15 153.51 3
15 153.51 4
15 153.51 5
15 153.51 6
15 153.51 7
15 153.51 8
15 153.51 9
15 153.51 10
15 153.51 11
15 153.51 12
15 153.51 13
15 153.51 14
15 153.51 15
15 153.51 16
15 153.51 17
15 153.51 18
15 153.51 19
15 150.17 0
15 150.17 1
15 150.17 2
15 150.17 3
15 150.17 4
15 150.17 5
15 150.17 6
15 150.17 7
15 150.17 8
15 150.17 9
15 150.17 10
15 150.17 11
15 150.17 12
15 150.17 13
15 150.17 14
15 150.17 15
15 150.17 16
15 150.17 17
15 150.17 18
15 150.17 19
15 146.84 0
15 146.84 1
15 146.84 2
15 146.84 3
15 146.84 4
15 146.84 5
15 146.84 6
15 146.84 7
15 146.84 8
15 146.84 9
15 146.84 10
15 146.84 11
15 146.84 12
15 146.84 13
15 146.84 14
15 146.84 15
15 146.84 16
15 146.84 17
15 146.84 18
15 146.84 19
15 143.5 0
15 143.5 1
15 143.5 2
15 143.5 3
15 143.5 4
15 143.5 5
15 143.5 6
15 143.5 7
15 143.5 8
15 143.5 9
15 143.5 10
15 143.5 11
15 143.5 12
15 143.5 13
15 143.5 14
15 143.5 15
15 143.5 16
15 143.5 17
15 143.5 18
15 143.5 19
15 140.16 0
15 140.16 1
15 140.16 2
15 140.16 3
15 140.16 4
15 140.16 5
15 140.16 6
15 140.16 7
15 140.16 8
15 140.16 9
15 140.16 10
15 140.16 11
15 140.16 12
15 140.16 13
15 140.16 14
15 140.16 15
15 140.16 16
15 140.16 17
15 140.16 18
15 140.16 19
15 136.83 0
15 136.83 1
15 136.83 2
15 136.83 3
15 136.83 4
15 136.83 5
15 136.83 6
15 136.83 7
15 136.83 8
15 136.83 9
15 136.83 10
15 136.83 11
15 136.83 12
15 136.83 13
15 136.83 14
15 136.83 15
15 136.83 16
15 136.83 17
15 136.83 18
15 136.83 19
15 133.49 0
15 133.49 1
15 133.49 2
15 133.49 3
15 133.49 4
15 133.49 5
15 133.49 6
15 133.49 7
15 133.49 8
15 133.49 9
15 133.49 10
15 133.49 11
15 133.49 12
15 133.49 13
15 133.49 14
15 133.49 15
15 133.49 16
15 133.49 17
15 133.49 18
15 133.49 19
15 130.15 0
15 130.15 1
15 130.15 2
15 130.15 3
15 130.15 4
15 130.15 5
15 130.15 6
15 130.15 7
15 130.15 8
15 130.15 9
15 130.15 10
15 130.15 11
15 130.15 12
15 130.15 13
15 130.15 14
15 130.15 15
15 130.15 16
15 130.15 17
15 130.15 18
15 130.15 19
15 126.81 0
15 126.81 1
15 126.81 2
15 126.81 3
15 126.81 4
15 126.81 5
15 126.81 6
15 126.81 7
15 126.81 8
15 126.81 9
15 126.81 10
15 126.81 11
15 126.81 12
15 126.81 13
15 126.81 14
15 126.81 15
15 126.81 16
15 126.81 17
15 126.81 18
15 126.81 19
15 123.48 0
15 123.48 1
15 123.48 2
15 123.48 3
15 123.48 4
15 123.48 5
15 123.48 6
15 123.48 7
15 123.48 8
15 123.48 9
15 123.48 10
15 123.48 11
15 123.48 12
15 123.48 13
15 123.48 14
15 123.48 15
15 123.48 16
15 123.48 17
15 123.48 18
15 123.48 19
15 120.14 0
15 120.14 1
15 120.14 2
15 120.14 3
15 120.14 4
15 120.14 5
15 120.14 6
15 120.14 7
15 120.14 8
15 120.14 9
15 120.14 10
15 120.14 11
15 120.14 12
15 120.14 13
15 120.14 14
15 120.14 15
15 120.14 16
15 120.14 17
15 120.14 18
15 120.14 19
15 116.8 0
15 116.8 1
15 116.8 2
15 116.8 3
15 116.8 4
15 116.8 5
15 116.8 6
15 116.8 7
15 116.8 8
15 116.8 9
15 116.8 10
15 116.8 11
15 116.8 12
15 116.8 13
15 116.8 14
15 116.8 15
15 116.8 16
15 116.8 17
15 116.8 18
15 116.8 19
15 113.46 0
15 113.46 1
15 113.46 2
15 113.46 3
15 113.46 4
15 113.46 5
15 113.46 6
15 113.46 7
15 113.46 8
15 113.46 9
15 113.46 10
15 113.46 11
15 113.46 12
15 113.46 13
15 113.46 14
15 113.46 15
15 113.46 16
15 113.46 17
15 113.46 18
15 113.46 19
15 110.13 0
15 110.13 1
15 110.13 2
15 110.13 3
15 110.13 4
15 110.13 5
15 110.13 6
15 110.13 7
15 110.13 8
15 110.13 9
15 110.13 10
15 110.13 11
15 110.13 12
15 110.13 13
15 110.13 14
15 110.13 15
15 110.13 16
15 110.13 17
15 110.13 18
15 110.13 19
15 106.79 0
15 106.79 1
15 106.79 2
15 106.79 3
15 106.79 4
15 106.79 5
15 106.79 6
15 106.79 7
15 106.79 8
15 106.79 9
15 106.79 10
15 106.79 11
15 106.79 12
15 106.79 13
15 106.79 14
15 106.79 15
15 106.79 16
15 106.79 17
15 106.79 18
15 106.79 19
15 103.45 0
15 103.45 1
15 103.45 2
15 103.45 3
15 103.45 4
15 103.45 5
15 103.45 6
15 103.45 7
15 103.45 8
15 103.45 9
15 103.45 10
15 103.45 11
15 103.45 12
15 103.45 13
15 103.45 14
15 103.45 15
15 103.45 16
15 103.45 17
15 103.45 18
15 103.45 19
15 100.12 0
15 100.12 1
15 100.12 2
15 100.12 3
15 100.12 4
15 100.12 5
15 100.12 6
15 100.12 7
15 100.12 8
15 100.12 9
15 100.12 10
15 100.12 11
15 100.12 12
15 100.12 13
15 100.12 14
15 100.12 15
15 100.12 16
15 100.12 17
15 100.12 18
15 100.12 19
15 96.78 0
15 96.78 1
15 96.78 2
15 96.78 3
15 96.78 4
15 96.78 5
15 96.78 6
15 96.78 7
15 96.78 8
15 96.78 9
15 96.78 10
15 96.78 11
15 96.78 12
15 96.78 13
15 96.78 14
15 96.78 15
15 96.78 16
15 96.78 17
15 96.78 18
15 96.78 19
15 93.44 0
15 93.44 1
15 93.44 2
15 93.44 3
15 93.44 4
15 93.44 5
15 93.44 6
15 93.44 7
15 93.44 8
15 93.44 9
15 93.44 10
15 93.44 11
15 93.44 12
15 93.44 13
15 93.44 14
15 93.44 15
15 93.44 16
15 93.44 17
15 93.44 18
15 93.44 19
15 90.1 0
15 90.1 1
15 90.1 2
15 90.1 3
15 90.1 4
15 90.1 5
15 90.1 6
15 90.1 7
15 90.1 8
15 90.1 9
15 90.1 10
15 90.1 11
15 90.1 12
15 90.1 13
15 90.1 14
15 90.1 15
15 90.1 16
15 90.1 17
15 90.1 18
15 90.1 19
15 86.77 0
15 86.77 1
15 86.77 2
15 86.77 3
15 86.77 4
15 86.77 5
15 86.77 6
15 86.77 7
15 86.77 8
15 86.77 9
15 86.77 10
15 86.77 11
15 86.77 12
15 86.77 13
15 86.77 14
15 86.77 15
15 86.77 16
15 86.77 17
15 86.77 18
15 86.77 19
15 83.43 0
15 83.43 1
15 83.43 2
15 83.43 3
15 83.43 4
15 83.43 5
15 83.43 6
15 83.43 7
15 83.43 8
15 83.43 9
15 83.43 10
15 83.43 11
15 83.43 12
15 83.43 13
15 83.43 14
15 83.43 15
15 83.43 16
15 83.43 17
15 83.43 18
15 83.43 19
15 80.09 0
15 80.09 1
15 80.09 2
15 80.09 3
15 80.09 4
15 80.09 5
15 80.09 6
15 80.09 7
15 80.09 8
15 80.09 9
15 80.09 10
15 80.09 11
15 80.09 12
15 80.09 13
15 80.09 14
15 80.09 15
15 80.09 16
15 80.09 17
15 80.09 18
15 80.09 19
15 76.76 0
15 76.76 1
15 76.76 2
15 76.76 3
15 76.76 4
15 76.76 5
15 76.76 6
15 76.76 7
15 76.76 8
15 76.76 9
15 76.76 10
15 76.76 11
15 76.76 12
15 76.76 13
15 76.76 14
15 76.76 15
15 76.76 16
15 76.76 17
15 76.76 18
15 76.76 19
15 73.42 0
15 73.42 1
15 73.42 2
15 73.42 3
15 73.42 4
15 73.42 5
15 73.42 6
15 73.42 7
15 73.42 8
15 73.42 9
15 73.42 10
15 73.42 11
15 73.42 12
15 73.42 13
15 73.42 14
15 73.42 15
15 73.42 16
15 73.42 17
15 73.42 18
15 73.42 19
15 70.08 0
15 70.08 1
15 70.08 2
15 70.08 3
15 70.08 4
15 70.08 5
15 70.08 6
15 70.08 7
15 70.08 8
15 70.08 9
15 70.08 10
15 70.08 11
15 70.08 12
15 70.08 13
15 70.08 14
15 70.08 15
15 70.08 16
15 70.08 17
15 70.08 18
15 70.08 19
15 66.74 0
15 66.74 1
15 66.74 2
15 66.74 3
15 66.74 4
15 66.74 5
15 66.74 6
15 66.74 7
15 66.74 8
15 66.74 9
15 66.74 10
15 66.74 11
15 66.74 12
15 66.74 13
15 66.74 14
15 66.74 15
15 66.74 16
15 66.74 17
15 66.74 18
15 66.74 19
