Time [s]	Obiwan Ch.  1(Target)[mbar]	Obiwan Ch.  1(Read)[mbar]	Obiwan Ch.  2(Target)[mbar]	Obiwan Ch.  2(Read)[mbar]	Obiwan Ch.  3(Target)[mbar]	Obiwan Ch.  3(Read)[mbar]	Obiwan Ch.  4(Target)[mbar]	Obiwan Ch.  4(Read)[mbar]	Flowie80(Target) [µl/min]	Flowie80(Read)[µl/min]	
0.0000	0.0000	1.0987	13.2110	13.2858	0.0000	3.1974	0.0000	-888.7319	-0.0500	-0.0593	
0.0290	0.0000	1.0987	13.2113	13.2858	0.0000	3.2579	0.0000	-888.7319	-0.0500	-0.0407	
0.0780	0.0000	1.0987	13.2077	13.2858	0.0000	3.2579	0.0000	-888.7319	-0.0500	-0.0407	
0.1290	0.0000	1.0987	13.2091	13.2858	0.0000	3.2579	0.0000	-886.5065	-0.0500	-0.0519	
0.1780	0.0000	1.0987	13.2093	13.2858	0.0000	3.2579	0.0000	-886.5065	-0.0500	-0.0593	
0.2280	0.0000	1.0987	13.2112	13.2858	0.0000	3.2579	0.0000	-886.5065	-0.0500	-0.0593	
0.2790	0.0000	1.0359	13.2113	13.2858	0.0000	3.1974	0.0000	-888.7319	-0.0500	-0.0556	
0.3290	0.0000	1.0359	13.2117	13.2858	0.0000	3.1974	0.0000	-888.7319	-0.0500	-0.0556	
0.3780	0.0000	1.0359	13.2098	13.2858	0.0000	3.2579	0.0000	-886.5065	-0.0500	-0.0444	
0.4280	0.0000	1.0987	13.2093	13.2858	0.0000	3.2579	0.0000	-886.5065	-0.0500	-0.0444	
0.4790	0.0000	1.0987	13.2077	13.2858	0.0000	3.1369	0.0000	-888.7319	-0.0500	-0.0370	
0.5280	0.0000	1.0987	13.2066	13.2858	0.0000	3.1369	0.0000	-888.7319	-0.0500	-0.0370	
0.5790	0.0000	1.0359	13.2025	13.2858	0.0000	3.2579	0.0000	-888.7319	-0.0500	-0.0222	
0.6280	0.0000	1.0987	13.2002	13.3459	0.0000	3.3184	0.0000	-888.7319	-0.0500	-0.0037	
0.6780	0.0000	1.0987	13.1936	13.3459	0.0000	3.3184	0.0000	-888.7319	-0.0500	-0.0037	
0.7280	0.0000	1.0359	13.1897	13.3459	0.0000	3.2579	0.0000	-888.7319	-0.0500	-0.0037	
0.7790	0.0000	1.0359	13.1857	13.3459	0.0000	3.2579	0.0000	-888.7319	-0.0500	-0.0111	
0.8280	0.0000	1.0359	13.1836	13.2858	0.0000	3.1974	0.0000	-888.7319	-0.0500	-0.0111	
0.8790	0.0000	1.0987	13.1809	13.3459	0.0000	3.2579	0.0000	-890.9572	-0.0500	-0.0148	
0.9280	0.0000	1.0987	13.1779	13.3459	0.0000	3.2579	0.0000	-890.9572	-0.0500	-0.0148	
0.9790	0.0000	1.0359	13.1766	13.2858	0.0000	3.2579	0.0000	-888.7319	-0.0500	-0.0222	
1.0280	0.0000	0.9732	13.1792	13.2858	0.0000	3.1974	0.0000	-886.5065	-0.0500	-0.0519	
1.0790	0.0000	0.9732	13.1794	13.2858	0.0000	3.1974	0.0000	-886.5065	-0.0500	-0.0519	
1.1290	0.0000	1.0359	13.1781	13.2258	0.0000	3.1974	0.0000	-888.7319	-0.0500	-0.0444	
1.1780	0.0000	1.0359	13.1776	13.2258	0.0000	3.2579	0.0000	-890.9572	-0.0500	-0.0630	
1.2290	0.0000	1.0359	13.1815	13.2258	0.0000	3.2579	0.0000	-890.9572	-0.0500	-0.0630	
1.2790	0.0000	1.0987	13.1825	13.2858	0.0000	3.1974	0.0000	-890.9572	-0.0500	-0.0630	
1.3290	0.0000	1.0987	13.1836	13.2858	0.0000	3.1974	0.0000	-890.9572	-0.0500	-0.0630	
1.3780	0.0000	1.0987	13.1888	13.2858	0.0000	3.1974	0.0000	-888.7319	-0.0500	-0.0815	
1.4290	0.0000	1.0359	13.1913	13.2258	0.0000	3.1974	0.0000	-888.7319	-0.0500	-0.0815	
1.4790	0.0000	1.0359	13.1940	13.2858	0.0000	3.1974	0.0000	-888.7319	-0.0500	-0.0815	
1.5290	0.0000	1.0359	13.1967	13.2858	0.0000	3.1974	0.0000	-888.7319	-0.0500	-0.0815	
1.5790	0.0000	1.0987	13.1993	13.2858	0.0000	3.1974	0.0000	-886.5065	-0.0500	-0.0815	
1.6290	0.0000	1.0359	13.2013	13.2858	0.0000	3.2579	0.0000	-888.7319	-0.0500	-0.0778	
1.6780	0.0000	1.0359	13.2037	13.2858	0.0000	3.2579	0.0000	-888.7319	-0.0500	-0.0778	
1.7280	0.0000	1.0359	13.2016	13.2858	0.0000	3.1974	0.0000	-888.7319	-0.0500	-0.0556	
1.7780	0.0000	1.0359	13.2021	13.2858	0.0000	3.1974	0.0000	-886.5065	-0.0500	-0.0667	
1.8290	0.0000	1.0987	13.2051	13.2858	0.0000	3.1974	0.0000	-886.5065	-0.0500	-0.0667	
1.8790	0.0000	1.0359	13.2045	13.2858	0.0000	3.1974	0.0000	-888.7319	-0.0500	-0.0556	
1.9280	0.0000	1.0359	13.2050	13.2858	0.0000	3.1974	0.0000	-888.7319	-0.0500	-0.0556	
1.9790	0.0000	1.0359	13.2022	13.2858	0.0000	3.1974	0.0000	-888.7319	-0.0500	-0.0407	
2.0290	0.0000	1.0987	13.2027	13.2858	0.0000	3.1974	0.0000	-886.5065	-0.0500	-0.0481	
2.0790	0.0000	1.0987	13.2025	13.2858	0.0000	3.1974	0.0000	-886.5065	-0.0500	-0.0481	
2.1280	0.0000	1.0359	13.1994	13.3459	0.0000	3.1974	0.0000	-888.7319	-0.0500	-0.0333	
2.1780	0.0000	1.0359	13.1980	13.3459	0.0000	3.1974	0.0000	-888.7319	-0.0500	-0.0148	
2.2280	0.0000	1.0359	13.1923	13.3459	0.0000	3.1974	0.0000	-888.7319	-0.0500	-0.0148	
2.2790	0.0000	1.0987	13.1893	13.2858	0.0000	3.1974	0.0000	-888.7319	-0.0500	-0.0148	
2.3290	0.0000	1.0987	13.1864	13.2858	0.0000	3.1974	0.0000	-888.7319	-0.0500	-0.0259	
2.3790	0.0000	1.0987	13.1860	13.2858	0.0000	3.1974	0.0000	-888.7319	-0.0500	-0.0259	
2.4280	0.0000	1.0987	13.1881	13.2858	0.0000	3.1974	0.0000	-888.7319	-0.0500	-0.0481	
2.4780	0.0000	1.0359	13.1879	13.2258	0.0000	3.1974	0.0000	-888.7319	-0.0500	-0.0481	
2.5290	0.0000	1.0359	13.1878	13.2258	0.0000	3.1974	0.0000	-888.7319	-0.0500	-0.0963	
2.5780	0.0000	1.0987	13.1989	13.2258	0.0000	3.1974	0.0000	-888.7319	-0.0500	-0.0963	
2.6290	0.0000	1.0359	13.2028	13.2858	0.0000	3.2579	0.0000	-886.5065	-0.0500	-0.0963	
2.6790	0.0000	1.0359	13.2067	13.2858	0.0000	3.2579	0.0000	-886.5065	-0.0500	-0.0963	
2.7280	0.0000	1.0359	13.2135	13.2858	0.0000	3.1974	0.0000	-886.5065	-0.0500	-0.1111	
2.7780	0.0000	0.9732	13.2149	13.2858	0.0000	3.1974	0.0000	-888.7319	-0.0500	-0.0889	
2.8290	0.0000	0.9732	13.2182	13.2858	0.0000	3.1974	0.0000	-888.7319	-0.0500	-0.0889	
2.8780	0.0000	1.0987	13.2186	13.2858	0.0000	3.2579	0.0000	-888.7319	-0.0500	-0.0741	
2.9290	0.0000	1.0987	13.2205	13.2858	0.0000	3.1974	0.0000	-888.7319	-0.0500	-0.0630	
2.9790	0.0000	1.0359	13.2200	13.2858	0.0000	3.1974	0.0000	-888.7319	-0.0500	-0.0630	
3.0290	0.0000	1.1615	13.2164	13.3459	0.0000	3.2579	0.0000	-886.5065	-0.0500	-0.0370	
3.0790	0.0000	1.1615	13.2153	13.3459	0.0000	3.2579	0.0000	-886.5065	-0.0500	-0.0370	
3.1280	0.0000	1.0987	13.2142	13.3459	0.0000	3.1974	0.0000	-888.7319	-0.0500	-0.0370	
3.1780	0.0000	1.0987	13.2125	13.2258	0.0000	3.1974	0.0000	-890.9572	-0.0500	-0.0333	
3.2290	0.0000	1.0987	13.2111	13.2258	0.0000	3.1974	0.0000	-890.9572	-0.0500	-0.0333	
3.2790	0.0000	1.0359	13.2082	13.2858	0.0000	3.1974	0.0000	-888.7319	-0.0500	-0.0259	
3.3280	0.0000	1.0359	13.2062	13.2858	0.0000	3.1974	0.0000	-888.7319	-0.0500	-0.0333	
3.3790	0.0000	1.0359	13.2059	13.2858	0.0000	3.1974	0.0000	-888.7319	-0.0500	-0.0333	
3.4290	0.0000	1.0359	13.2058	13.2858	0.0000	3.2579	0.0000	-886.5065	-0.0500	-0.0407	
3.4790	0.0000	1.0359	13.2051	13.2858	0.0000	3.2579	0.0000	-886.5065	-0.0500	-0.0407	
3.5280	0.0000	1.0359	13.2027	13.2858	0.0000	3.1369	0.0000	-888.7319	-0.0500	-0.0333	
3.5780	0.0000	1.0359	13.2013	13.2858	0.0000	3.1369	0.0000	-888.7319	-0.0500	-0.0333	
3.6290	0.0000	1.0987	13.2019	13.3459	0.0000	3.1974	0.0000	-886.5065	-0.0500	-0.0444	
3.6790	0.0000	1.0987	13.2015	13.3459	0.0000	3.1974	0.0000	-886.5065	-0.0500	-0.0444	
3.7290	0.0000	1.0987	13.1970	13.2858	0.0000	3.1369	0.0000	-886.5065	-0.0500	-0.0259	
3.7780	0.0000	1.0987	13.1962	13.2858	0.0000	3.1974	0.0000	-888.7319	-0.0500	-0.0333	
3.8290	0.0000	1.0987	13.1948	13.2858	0.0000	3.1974	0.0000	-888.7319	-0.0500	-0.0333	
3.8790	0.0000	1.0987	13.1949	13.2858	0.0000	3.1974	0.0000	-888.7319	-0.0500	-0.0407	
3.9280	0.0000	1.0987	13.1941	13.2858	0.0000	3.1974	0.0000	-890.9572	-0.0500	-0.0593	
3.9790	0.0000	1.0987	13.1976	13.2858	0.0000	3.1974	0.0000	-890.9572	-0.0500	-0.0593	
4.0290	0.0000	1.0987	13.1971	13.2858	0.0000	3.2579	0.0000	-888.7319	-0.0500	-0.0519	
4.0790	0.0000	1.0987	13.1972	13.2858	0.0000	3.2579	0.0000	-888.7319	-0.0500	-0.0519	
4.1290	0.0000	1.0987	13.1990	13.2858	0.0000	3.2579	0.0000	-888.7319	-0.0500	-0.0593	
4.1780	0.0000	1.0987	13.2016	13.2858	0.0000	3.1369	0.0000	-888.7319	-0.0500	-0.0704	
4.2290	0.0000	1.0987	13.2033	13.2858	0.0000	3.1369	0.0000	-888.7319	-0.0500	-0.0704	
4.2780	0.0000	1.0987	13.2065	13.2258	0.0000	3.1974	0.0000	-886.5065	-0.0500	-0.0778	
4.3280	0.0000	1.0987	13.2089	13.2258	0.0000	3.1974	0.0000	-888.7319	-0.0500	-0.0704	
4.3790	0.0000	1.0359	13.2094	13.2858	0.0000	3.1974	0.0000	-888.7319	-0.0500	-0.0704	
4.4290	0.0000	1.0987	13.2119	13.2258	0.0000	3.1974	0.0000	-886.5065	-0.0500	-0.0741	
4.4790	0.0000	1.0987	13.2139	13.2258	0.0000	3.1974	0.0000	-886.5065	-0.0500	-0.0741	
4.5290	0.0000	1.0359	13.2167	13.2858	0.0000	3.2579	0.0000	-886.5065	-0.0500	-0.0778	
4.5780	0.0000	1.0359	13.2178	13.2858	0.0000	3.1974	0.0000	-886.5065	-0.0500	-0.0704	
4.6290	0.0000	1.0359	13.2195	13.2858	0.0000	3.1974	0.0000	-886.5065	-0.0500	-0.0704	
4.6790	0.0000	1.0359	13.2212	13.2858	0.0000	3.1974	0.0000	-886.5065	-0.0500	-0.0704	
4.7290	0.0000	1.0987	13.2206	13.2858	0.0000	3.1369	0.0000	-890.9572	-0.0500	-0.0593	
4.7780	0.0000	1.0987	13.2182	13.3459	0.0000	3.1369	0.0000	-886.5065	-0.0500	-0.0407	
4.8280	0.0000	1.0987	13.2174	13.3459	0.0000	3.1369	0.0000	-886.5065	-0.0500	-0.0407	
4.8790	0.0000	1.0987	13.2167	13.2858	0.0000	3.2579	0.0000	-888.7319	-0.0500	-0.0407	
4.9280	0.0000	1.0359	13.2159	13.2858	0.0000	3.1974	0.0000	-888.7319	-0.0500	-0.0259	
4.9790	0.0000	1.0359	15.9822	13.3459	0.0000	3.1974	0.0000	-888.7319	12.7500	-0.0259	
5.0280	0.0000	1.0987	17.0586	13.3459	0.0000	3.1974	0.0000	-890.9572	12.7500	-0.0407	
5.0790	0.0000	1.0987	18.1551	13.3459	0.0000	3.1974	0.0000	-890.9572	12.7500	-0.0407	
5.1280	0.0000	1.0987	19.1934	17.0089	0.0000	3.1974	0.0000	-888.7319	12.7500	0.0296	
5.1790	0.0000	1.0359	20.0969	19.4709	0.0000	3.1974	0.0000	-888.7319	12.7500	1.1556	
5.2290	0.0000	1.0359	21.0518	19.4709	0.0000	3.1974	0.0000	-888.7319	12.7500	1.1556	
5.2790	0.0000	1.0359	21.6237	20.8520	0.0000	3.1974	0.0000	-888.7319	12.7500	3.2519	
5.3280	0.0000	1.0987	22.4060	22.0530	0.0000	3.1369	0.0000	-886.5065	12.7500	5.4815	
5.3780	0.0000	1.0987	22.6964	22.0530	0.0000	3.1369	0.0000	-886.5065	12.7500	5.4815	
5.4280	0.0000	1.0987	22.9777	22.8336	0.0000	3.1974	0.0000	-888.7319	12.7500	7.2333	
5.4790	0.0000	1.0987	23.4506	22.8336	0.0000	3.1974	0.0000	-888.7319	12.7500	7.2333	
5.5280	0.0000	1.0987	23.6344	23.3740	0.0000	3.1974	0.0000	-888.7319	12.7500	8.5259	
5.5790	0.0000	1.0987	23.8320	23.7944	0.0000	3.2579	0.0000	-888.7319	12.7500	9.4407	
5.6280	0.0000	1.0987	24.1101	23.7944	0.0000	3.2579	0.0000	-888.7319	12.7500	9.4407	
5.6780	0.0000	1.0987	24.2541	23.7944	0.0000	3.1369	0.0000	-886.5065	12.7500	10.1185	
5.7290	0.0000	1.0359	24.4752	24.0946	0.0000	3.1369	0.0000	-886.5065	12.7500	10.1185	
5.7780	0.0000	1.0359	24.5944	24.4549	0.0000	3.1974	0.0000	-888.7319	12.7500	10.7593	
5.8280	0.0000	1.0359	24.7584	24.4549	0.0000	3.1974	0.0000	-888.7319	12.7500	10.7593	
5.8780	0.0000	1.0359	24.8679	24.8152	0.0000	3.1369	0.0000	-888.7319	12.7500	11.0630	
5.9290	0.0000	1.0987	25.0068	24.9353	0.0000	3.1974	0.0000	-886.5065	12.7500	11.4111	
5.9780	0.0000	1.0987	25.0674	24.9353	0.0000	3.1974	0.0000	-886.5065	12.7500	11.4111	
6.0280	0.0000	1.0987	25.1258	25.1755	0.0000	3.2579	0.0000	-888.7319	12.7500	11.7074	
6.0790	0.0000	1.0987	25.2151	25.1755	0.0000	3.2579	0.0000	-888.7319	12.7500	11.7074	
6.1280	0.0000	1.0359	25.2579	25.2956	0.0000	3.1974	0.0000	-886.5065	12.7500	11.9148	
6.1780	0.0000	1.0359	25.2902	25.4157	0.0000	3.1369	0.0000	-888.7319	12.7500	12.1407	
6.2280	0.0000	1.0359	25.3414	25.4157	0.0000	3.1369	0.0000	-888.7319	12.7500	12.1407	
6.2780	0.0000	1.0987	25.3530	25.4157	0.0000	3.1974	0.0000	-888.7319	12.7500	12.3222	
6.3290	0.0000	1.0987	25.3759	25.4757	0.0000	3.2579	0.0000	-886.5065	12.7500	12.3963	
6.3780	0.0000	1.0987	25.4057	25.4757	0.0000	3.2579	0.0000	-886.5065	12.7500	12.3963	
6.4280	0.0000	1.0987	25.4136	25.4757	0.0000	3.1974	0.0000	-886.5065	12.7500	12.5074	
6.4780	0.0000	1.0987	25.4336	25.4757	0.0000	3.1974	0.0000	-888.7319	12.7500	12.5926	
6.5280	0.0000	1.0987	25.4344	25.4757	0.0000	3.1974	0.0000	-888.7319	12.7500	12.5926	
6.5780	0.0000	1.0359	25.4419	25.5358	0.0000	3.1974	0.0000	-888.7319	12.7500	12.6222	
6.6280	0.0000	1.0359	25.4527	25.5358	0.0000	3.1974	0.0000	-888.7319	12.7500	12.6222	
6.6780	0.0000	1.0987	25.4458	25.5358	0.0000	3.1974	0.0000	-886.5065	12.7500	12.7037	
6.7290	0.0000	1.0987	25.4381	25.5358	0.0000	3.1974	0.0000	-888.7319	12.7500	12.7741	
6.7780	0.0000	1.0987	25.4361	25.4157	0.0000	3.1974	0.0000	-888.7319	12.7500	12.7741	
6.8290	0.0000	1.0987	25.4340	25.4157	0.0000	3.1974	0.0000	-888.7319	12.7500	12.7741	
6.8780	0.0000	1.1615	25.4296	25.5358	0.0000	3.1974	0.0000	-888.7319	12.7500	12.7852	
6.9280	0.0000	1.0987	25.4267	25.5358	0.0000	3.1974	0.0000	-886.5065	12.7500	12.8074	
6.9790	0.0000	1.0987	25.4185	25.5358	0.0000	3.1974	0.0000	-886.5065	12.7500	12.8074	
7.0280	0.0000	1.0987	25.3996	25.5358	0.0000	3.1974	0.0000	-890.9572	12.7500	12.8778	
7.0780	0.0000	1.0987	25.3890	25.5358	0.0000	3.1974	0.0000	-890.9572	12.7500	12.9000	
7.1280	0.0000	1.0359	25.3729	25.4157	0.0000	3.1974	0.0000	-890.9572	12.7500	12.9000	
7.1790	0.0000	1.0359	25.3548	25.3556	0.0000	3.2579	0.0000	-888.7319	12.7500	12.9296	
7.2290	0.0000	1.0359	25.3397	25.3556	0.0000	3.2579	0.0000	-888.7319	12.7500	12.9296	
7.2790	0.0000	1.0359	25.3329	25.4157	0.0000	3.1974	0.0000	-888.7319	12.7500	12.8926	
7.3280	0.0000	1.0359	25.3227	25.4157	0.0000	3.1974	0.0000	-888.7319	12.7500	12.8815	
7.3790	0.0000	1.0359	25.3117	25.4157	0.0000	3.1974	0.0000	-888.7319	12.7500	12.8815	
7.4290	0.0000	1.0359	25.2962	25.3556	0.0000	3.1974	0.0000	-890.9572	12.7500	12.9037	
7.4780	0.0000	1.0359	25.2833	25.3556	0.0000	3.1974	0.0000	-890.9572	12.7500	12.8963	
7.5280	0.0000	0.9732	25.2721	25.4157	0.0000	3.1974	0.0000	-888.7319	12.7500	12.8963	
7.5790	0.0000	1.0987	25.2637	25.2956	0.0000	3.1974	0.0000	-888.7319	12.7500	12.8741	
7.6280	0.0000	1.0987	25.2535	25.2956	0.0000	3.1974	0.0000	-888.7319	12.7500	12.8741	
7.6780	0.0000	1.0359	25.2493	25.3556	0.0000	3.2579	0.0000	-888.7319	12.7500	12.8444	
7.7280	0.0000	1.0359	25.2384	25.3556	0.0000	3.1974	0.0000	-888.7319	12.7500	12.8630	
7.7780	0.0000	1.0359	25.2287	25.2956	0.0000	3.1974	0.0000	-888.7319	12.7500	12.8630	
7.8290	0.0000	1.0359	25.2194	25.2956	0.0000	3.1974	0.0000	-888.7319	12.7500	12.8630	
7.8780	0.0000	1.0359	25.2114	25.3556	0.0000	3.1974	0.0000	-888.7319	12.7500	12.8556	
7.9280	0.0000	1.0987	25.2002	25.2956	0.0000	3.1974	0.0000	-888.7319	12.7500	12.8704	
7.9790	0.0000	1.0987	25.1899	25.2956	0.0000	3.1974	0.0000	-888.7319	12.7500	12.8704	
8.0290	0.0000	1.0359	25.1756	25.2356	0.0000	3.2579	0.0000	-886.5065	12.7500	12.8926	
8.0780	0.0000	1.0359	25.1634	25.2356	0.0000	3.1974	0.0000	-886.5065	12.7500	12.8630	
8.1280	0.0000	1.0359	25.1585	25.2956	0.0000	3.1974	0.0000	-886.5065	12.7500	12.8630	
8.1790	0.0000	1.0987	25.1503	25.2356	0.0000	3.1974	0.0000	-888.7319	12.7500	12.8556	
8.2280	0.0000	1.0987	25.1413	25.2356	0.0000	3.1974	0.0000	-888.7319	12.7500	12.8556	
8.2780	0.0000	1.0359	25.1397	25.2356	0.0000	3.1369	0.0000	-888.7319	12.7500	12.8222	
8.3290	0.0000	1.0359	25.1373	25.1755	0.0000	3.1974	0.0000	-888.7319	12.7500	12.8000	
8.3780	0.0000	1.0359	25.1332	25.1755	0.0000	3.1974	0.0000	-888.7319	12.7500	12.8000	
8.4290	0.0000	1.0359	25.1304	25.1755	0.0000	3.1974	0.0000	-890.9572	12.7500	12.7926	
8.4780	0.0000	1.0359	25.1268	25.2356	0.0000	3.1974	0.0000	-888.7319	12.7500	12.7704	
8.5280	0.0000	1.0359	25.1284	25.2356	0.0000	3.1974	0.0000	-888.7319	12.7500	12.7704	
8.5780	0.0000	1.0987	25.1321	25.2356	0.0000	3.2579	0.0000	-888.7319	12.7500	12.7407	
8.6290	0.0000	1.0987	25.1329	25.2356	0.0000	3.1974	0.0000	-888.7319	12.7500	12.5778	
8.6790	0.0000	1.0987	25.1717	25.1755	0.0000	3.1974	0.0000	-890.9572	12.7500	12.5778	
8.7280	0.0000	1.0359	25.2071	25.2356	0.0000	3.1974	0.0000	-888.7319	12.7500	12.4630	
8.7790	0.0000	1.0359	25.2313	25.2356	0.0000	3.1974	0.0000	-888.7319	12.7500	12.4630	
8.8280	0.0000	1.0359	25.2554	25.2356	0.0000	3.1974	0.0000	-886.5065	12.7500	12.4630	
8.8780	0.0000	1.0359	25.2790	25.2356	0.0000	3.1974	0.0000	-886.5065	12.7500	12.4630	
8.9290	0.0000	1.0359	25.2649	25.4157	0.0000	3.1369	0.0000	-888.7319	12.7500	12.6963	
8.9780	0.0000	1.0359	25.2694	25.4157	0.0000	3.1369	0.0000	-888.7319	12.7500	12.6963	
9.0290	0.0000	1.0987	25.2509	25.4157	0.0000	3.1369	0.0000	-886.5065	12.7500	12.8111	
9.0790	0.0000	1.0987	25.2340	25.4157	0.0000	3.1974	0.0000	-888.7319	12.7500	12.8815	
9.1280	0.0000	1.0987	25.2232	25.4157	0.0000	3.1974	0.0000	-888.7319	12.7500	12.8815	
9.1780	0.0000	1.0359	25.2136	25.3556	0.0000	3.1369	0.0000	-888.7319	12.7500	12.8741	
9.2290	0.0000	1.0359	25.2032	25.3556	0.0000	3.1369	0.0000	-888.7319	12.7500	12.8296	
9.2780	0.0000	1.0359	25.2030	25.2956	0.0000	3.1974	0.0000	-888.7319	12.7500	12.8296	
9.3290	0.0000	1.0987	25.2072	25.2356	0.0000	3.1974	0.0000	-888.7319	12.7500	12.7704	
9.3780	0.0000	1.0987	25.2055	25.2356	0.0000	3.1974	0.0000	-888.7319	12.7500	12.7704	
9.4290	0.0000	1.0987	25.2159	25.2956	0.0000	3.1974	0.0000	-886.5065	12.7500	12.7148	
9.4780	0.0000	1.0359	25.2409	25.2356	0.0000	3.1974	0.0000	-888.7319	12.7500	12.5815	
9.5290	0.0000	1.0359	25.2554	25.2356	0.0000	3.1974	0.0000	-888.7319	12.7500	12.5815	
9.5790	0.0000	1.0987	25.3083	25.2956	0.0000	3.1369	0.0000	-888.7319	12.7500	12.3889	
9.6280	0.0000	1.0987	25.3381	25.2956	0.0000	3.1974	0.0000	-890.9572	12.7500	12.3778	
9.6790	0.0000	1.0987	25.3716	25.4157	0.0000	3.1974	0.0000	-890.9572	12.7500	12.3778	
9.7290	0.0000	1.0987	25.3667	25.4157	0.0000	3.1974	0.0000	-886.5065	12.7500	12.5741	
9.7780	0.0000	1.0987	25.3815	25.4157	0.0000	3.1974	0.0000	-886.5065	12.7500	12.5741	
9.8280	0.0000	1.0987	25.3704	25.4757	0.0000	3.1369	0.0000	-888.7319	12.7500	12.6926	
9.8790	0.0000	1.0987	25.3940	25.4757	0.0000	3.2579	0.0000	-890.9572	12.7500	12.5778	
9.9290	0.0000	1.0359	25.4088	25.4757	0.0000	3.2579	0.0000	-890.9572	12.7500	12.5778	
9.9780	0.0000	1.0359	25.4230	25.4757	0.0000	3.2579	0.0000	-890.9572	12.7500	12.5778	
10.0280	0.0000	1.1615	25.3545	25.5358	0.0000	3.1369	0.0000	-888.7319	12.7500	12.9593	
10.0790	0.0000	1.0987	25.3244	25.4157	0.0000	3.1974	0.0000	-886.5065	12.7500	13.0370	
10.1290	0.0000	1.0987	25.2998	25.4157	0.0000	3.1974	0.0000	-886.5065	12.7500	13.0370	
10.1780	0.0000	1.0987	25.2857	25.3556	0.0000	3.1974	0.0000	-890.9572	12.7500	12.9889	
10.2280	0.0000	1.0987	25.2657	25.3556	0.0000	3.1974	0.0000	-886.5065	12.7500	12.9370	
10.2780	0.0000	1.0987	25.2574	25.4157	0.0000	3.1974	0.0000	-886.5065	12.7500	12.9370	
10.3280	0.0000	1.0359	25.2514	25.3556	0.0000	3.2579	0.0000	-888.7319	12.7500	12.8852	
10.3780	0.0000	1.0359	25.2401	25.3556	0.0000	3.2579	0.0000	-888.7319	12.7500	12.8852	
10.4280	0.0000	1.0987	25.2349	25.2956	0.0000	3.1974	0.0000	-888.7319	12.7500	12.8556	
10.4790	0.0000	1.0987	25.2335	25.2956	0.0000	3.1974	0.0000	-890.9572	12.7500	12.8111	
10.5280	0.0000	1.0987	25.2284	25.2956	0.0000	3.1974	0.0000	-890.9572	12.7500	12.8111	
10.5790	0.0000	1.0987	25.2314	25.3556	0.0000	3.1369	0.0000	-886.5065	12.7500	12.7704	
10.6290	0.0000	1.0987	25.2315	25.3556	0.0000	3.1974	0.0000	-888.7319	12.7500	12.7593	
10.6790	0.0000	1.0987	25.2307	25.3556	0.0000	3.1974	0.0000	-888.7319	12.7500	12.7593	
10.7280	0.0000	1.0359	25.2278	25.3556	0.0000	3.2579	0.0000	-888.7319	12.7500	12.7704	
10.7780	0.0000	1.0359	25.2260	25.3556	0.0000	3.1974	0.0000	-888.7319	12.7500	12.7926	
10.8280	0.0000	1.0987	25.2191	25.3556	0.0000	3.1974	0.0000	-888.7319	12.7500	12.7926	
10.8790	0.0000	1.0987	25.2223	25.2356	0.0000	3.2579	0.0000	-888.7319	12.7500	12.7556	
10.9280	0.0000	1.0987	25.2219	25.2356	0.0000	3.2579	0.0000	-888.7319	12.7500	12.7556	
10.9780	0.0000	1.0987	25.2286	25.2356	0.0000	3.1974	0.0000	-886.5065	12.7500	12.7222	
11.0280	0.0000	1.0359	25.2310	25.2956	0.0000	3.1974	0.0000	-886.5065	12.7500	12.7222	
11.0780	0.0000	1.0987	25.2407	25.3556	0.0000	3.1974	0.0000	-888.7319	12.7500	12.6778	
11.1280	0.0000	1.0987	25.2469	25.3556	0.0000	3.1974	0.0000	-888.7319	12.7500	12.6778	
11.1780	0.0000	1.0987	25.2462	25.3556	0.0000	3.2579	0.0000	-888.7319	12.7500	12.7111	
11.2290	0.0000	1.0987	25.2489	25.3556	0.0000	3.1974	0.0000	-888.7319	12.7500	12.7148	
11.2780	0.0000	1.0987	25.2518	25.3556	0.0000	3.1974	0.0000	-888.7319	12.7500	12.7148	
11.3280	0.0000	1.0359	25.2555	25.2956	0.0000	3.1974	0.0000	-888.7319	12.7500	12.7111	
11.3780	0.0000	1.0359	25.2587	25.2956	0.0000	3.1974	0.0000	-888.7319	12.7500	12.6407	
11.4280	0.0000	1.0987	25.2784	25.2956	0.0000	3.1974	0.0000	-888.7319	12.7500	12.6407	
11.4790	0.0000	1.0987	25.2932	25.3556	0.0000	3.2579	0.0000	-890.9572	12.7500	12.6111	
11.5280	0.0000	1.0987	25.3046	25.3556	0.0000	3.2579	0.0000	-890.9572	12.7500	12.6111	
11.5780	0.0000	1.0359	25.3123	25.4157	0.0000	3.2579	0.0000	-888.7319	12.7500	12.6296	
11.6280	0.0000	1.0359	25.3114	25.4157	0.0000	3.2579	0.0000	-888.7319	12.7500	12.6963	
11.6780	0.0000	1.0359	25.3160	25.4157	0.0000	3.2579	0.0000	-888.7319	12.7500	12.6963	
11.7290	0.0000	1.0987	25.3123	25.2956	0.0000	3.1974	0.0000	-886.5065	12.7500	12.7370	
11.7780	0.0000	1.0987	25.3134	25.2956	0.0000	3.1974	0.0000	-888.7319	12.7500	12.7111	
11.8290	0.0000	1.0987	25.3206	25.4157	0.0000	3.1974	0.0000	-888.7319	12.7500	12.7111	
11.8780	0.0000	1.0987	25.3265	25.4157	0.0000	3.1369	0.0000	-890.9572	12.7500	12.6963	
11.9280	0.0000	1.0987	25.3310	25.4157	0.0000	3.1369	0.0000	-890.9572	12.7500	12.6963	
11.9780	0.0000	1.0987	25.3363	25.4157	0.0000	3.1974	0.0000	-886.5065	12.7500	12.6926	
12.0290	0.0000	1.0987	25.3424	25.4157	0.0000	3.1369	0.0000	-886.5065	12.7500	12.6852	
12.0790	0.0000	1.0987	25.3479	25.3556	0.0000	3.1369	0.0000	-886.5065	12.7500	12.6852	
12.1290	0.0000	1.0987	25.3534	25.3556	0.0000	3.1369	0.0000	-886.5065	12.7500	12.6852	
12.1790	0.0000	1.1615	25.3524	25.4157	0.0000	3.1369	0.0000	-888.7319	12.7500	12.7148	
12.2280	0.0000	1.0987	25.3510	25.4757	0.0000	3.2579	0.0000	-890.9572	12.7500	12.7407	
12.2780	0.0000	1.0987	25.3518	25.4757	0.0000	3.2579	0.0000	-890.9572	12.7500	12.7407	
12.3280	0.0000	1.1615	25.3526	25.4157	0.0000	3.1974	0.0000	-886.5065	12.7500	12.7407	
12.3790	0.0000	1.0987	25.3534	25.4157	0.0000	3.1974	0.0000	-888.7319	12.7500	12.7444	
12.4280	0.0000	1.0987	25.3533	25.4157	0.0000	3.1974	0.0000	-888.7319	12.7500	12.7444	
12.4790	0.0000	1.0987	25.3599	25.3556	0.0000	3.1974	0.0000	-888.7319	12.7500	12.7111	
12.5280	0.0000	1.0987	25.3631	25.3556	0.0000	3.1974	0.0000	-888.7319	12.7500	12.7111	
12.5780	0.0000	1.0987	25.3704	25.4157	0.0000	3.2579	0.0000	-888.7319	12.7500	12.6926	
12.6280	0.0000	1.0359	25.3746	25.4157	0.0000	3.1974	0.0000	-888.7319	12.7500	12.6963	
12.6780	0.0000	1.0359	25.3791	25.4157	0.0000	3.1974	0.0000	-888.7319	12.7500	12.6963	
12.7280	0.0000	1.0987	25.3808	25.5358	0.0000	3.2579	0.0000	-888.7319	12.7500	12.7111	
12.7780	0.0000	1.0987	25.3840	25.4157	0.0000	3.1974	0.0000	-888.7319	12.7500	12.7519	
12.8290	0.0000	1.0987	25.3778	25.4157	0.0000	3.1974	0.0000	-888.7319	12.7500	12.7519	
12.8790	0.0000	1.0987	25.3715	25.4757	0.0000	3.2579	0.0000	-890.9572	12.7500	12.7852	
12.9290	0.0000	1.0987	25.3685	25.4757	0.0000	3.2579	0.0000	-890.9572	12.7500	12.7852	
12.9790	0.0000	1.0987	25.3600	25.4157	0.0000	3.1974	0.0000	-888.7319	12.7500	12.8111	
13.0280	0.0000	1.0987	25.3549	25.4157	0.0000	3.1974	0.0000	-886.5065	12.7500	12.8111	
13.0780	0.0000	1.0987	25.3498	25.4157	0.0000	3.1974	0.0000	-886.5065	12.7500	12.8111	
13.1290	0.0000	1.0987	25.3527	25.4157	0.0000	3.2579	0.0000	-890.9572	12.7500	12.7741	
13.1780	0.0000	1.0359	25.3507	25.4157	0.0000	3.2579	0.0000	-890.9572	12.7500	12.7741	
13.2280	0.0000	1.0359	25.3444	25.4157	0.0000	3.1369	0.0000	-888.7319	12.7500	12.8000	
13.2780	0.0000	1.0359	25.3402	25.4157	0.0000	3.1369	0.0000	-888.7319	12.7500	12.8000	
13.3290	0.0000	1.0987	25.3419	25.4157	0.0000	3.1369	0.0000	-888.7319	12.7500	12.7704	
13.3790	0.0000	1.0987	25.3352	25.4157	0.0000	3.1369	0.0000	-888.7319	12.7500	12.8000	
13.4290	0.0000	1.0987	25.3310	25.4157	0.0000	3.1369	0.0000	-888.7319	12.7500	12.8000	
13.4780	0.0000	1.0987	25.3209	25.4157	0.0000	3.1974	0.0000	-888.7319	12.7500	12.8296	
13.5280	0.0000	1.0987	25.3143	25.4157	0.0000	3.1974	0.0000	-888.7319	12.7500	12.8481	
13.5790	0.0000	1.0359	25.3032	25.3556	0.0000	3.1974	0.0000	-888.7319	12.7500	12.8481	
13.6280	0.0000	1.0987	25.2891	25.4157	0.0000	3.1974	0.0000	-890.9572	12.7500	12.8815	
13.6790	0.0000	1.0987	25.2780	25.4157	0.0000	3.1974	0.0000	-890.9572	12.7500	12.8815	
13.7290	0.0000	1.0359	25.2667	25.4157	0.0000	3.1369	0.0000	-888.7319	12.7500	12.8815	
13.7790	0.0000	1.0987	25.2602	25.4157	0.0000	3.1369	0.0000	-888.7319	12.7500	12.8556	
13.8280	0.0000	1.0987	25.2513	25.4157	0.0000	3.1369	0.0000	-888.7319	12.7500	12.8556	
13.8790	0.0000	1.0987	25.2526	25.3556	0.0000	3.1369	0.0000	-888.7319	12.7500	12.8037	
13.9280	0.0000	1.0987	25.2481	25.2956	0.0000	3.1369	0.0000	-886.5065	12.7500	12.8037	
13.9790	0.0000	1.0987	25.2436	25.2956	0.0000	3.1369	0.0000	-886.5065	12.7500	12.8037	
14.0280	0.0000	1.0359	25.2432	25.2956	0.0000	3.0764	0.0000	-888.7319	12.7500	12.7815	
14.0790	0.0000	1.0359	25.2406	25.2956	0.0000	3.0764	0.0000	-888.7319	12.7500	12.7815	
14.1280	0.0000	1.0987	25.2443	25.2956	0.0000	3.1974	0.0000	-888.7319	12.7500	12.7519	
14.1780	0.0000	1.0987	25.2475	25.2956	0.0000	3.1974	0.0000	-888.7319	12.7500	12.7333	
14.2280	0.0000	1.0359	25.2489	25.2956	0.0000	3.1974	0.0000	-888.7319	12.7500	12.7333	
14.2790	0.0000	1.0359	25.2503	25.2956	0.0000	3.1974	0.0000	-888.7319	12.7500	12.7333	
14.3280	0.0000	1.1615	25.2541	25.2956	0.0000	3.1369	0.0000	-890.9572	12.7500	12.7222	
14.3780	0.0000	1.0987	25.2491	25.3556	0.0000	3.1369	0.0000	-888.7319	12.7500	12.7667	
14.4280	0.0000	1.0987	25.2477	25.3556	0.0000	3.1369	0.0000	-888.7319	12.7500	12.7667	
14.4780	0.0000	1.0987	25.2500	25.3556	0.0000	3.1974	0.0000	-888.7319	12.7500	12.7481	
14.5290	0.0000	1.0987	25.2507	25.3556	0.0000	3.1974	0.0000	-888.7319	12.7500	12.7444	
14.5790	0.0000	1.0987	25.2512	25.3556	0.0000	3.1974	0.0000	-888.7319	12.7500	12.7444	
14.6280	0.0000	1.0987	25.2531	25.2956	0.0000	3.1369	0.0000	-886.5065	12.7500	12.7370	
14.6780	0.0000	1.0987	25.2542	25.2956	0.0000	3.1974	0.0000	-890.9572	12.7500	12.6667	
14.7280	0.0000	1.0987	25.2719	25.2956	0.0000	3.1974	0.0000	-890.9572	12.7500	12.6667	
14.7790	0.0000	1.0987	25.2809	25.3556	0.0000	3.1369	0.0000	-888.7319	12.7500	12.6556	
14.8290	0.0000	1.0987	25.2888	25.3556	0.0000	3.1369	0.0000	-888.7319	12.7500	12.6556	
14.8790	0.0000	1.0359	25.2992	25.3556	0.0000	3.1974	0.0000	-888.7319	12.7500	12.6444	
14.9280	0.0000	1.0359	25.3182	25.4157	0.0000	3.1369	0.0000	-890.9572	12.7500	12.5815	
14.9780	0.0000	1.0359	25.3327	25.4157	0.0000	3.1369	0.0000	-890.9572	12.7500	12.5815	
15.0290	0.0000	1.0987	25.3650	25.4157	0.0000	3.1369	0.0000	-886.5065	12.7500	12.4889	
15.0780	0.0000	1.0987	25.3874	25.4157	0.0000	3.1369	0.0000	-888.7319	12.7500	12.5259	
15.1280	0.0000	1.0987	25.4004	25.4157	0.0000	3.1369	0.0000	-888.7319	12.7500	12.5259	
15.1780	0.0000	1.0359	25.4300	25.4757	0.0000	3.1369	0.0000	-886.5065	12.7500	12.4667	
15.2290	0.0000	1.0359	25.4543	25.4757	0.0000	3.1369	0.0000	-886.5065	12.7500	12.4667	
15.2780	0.0000	1.0359	25.4665	25.4757	0.0000	3.1974	0.0000	-886.5065	12.7500	12.5185	
15.3290	0.0000	1.0359	25.4864	25.4757	0.0000	3.1974	0.0000	-886.5065	12.7500	12.5185	
15.3780	0.0000	1.0987	25.4497	25.5958	0.0000	3.1369	0.0000	-890.9572	12.7500	12.8259	
15.4280	0.0000	1.0987	25.4432	25.5958	0.0000	3.1369	0.0000	-890.9572	12.7500	12.8259	
15.4790	0.0000	1.0987	25.4009	25.7159	0.0000	3.1974	0.0000	-888.7319	12.7500	12.9926	
15.5280	0.0000	1.0987	25.3641	25.5358	0.0000	3.1974	0.0000	-888.7319	12.7500	13.0926	
15.5780	0.0000	1.0987	25.3353	25.5358	0.0000	3.1974	0.0000	-888.7319	12.7500	13.0926	
15.6290	0.0000	1.0359	25.3283	25.4157	0.0000	3.1974	0.0000	-888.7319	12.7500	12.9815	
15.6780	0.0000	1.1615	25.3267	25.4157	0.0000	3.2579	0.0000	-888.7319	12.7500	12.8741	
15.7280	0.0000	1.1615	25.3164	25.4157	0.0000	3.2579	0.0000	-888.7319	12.7500	12.8741	
15.7780	0.0000	1.0359	25.3252	25.4157	0.0000	3.1369	0.0000	-890.9572	12.7500	12.7778	
15.8280	0.0000	1.0359	25.3229	25.4157	0.0000	3.1369	0.0000	-890.9572	12.7500	12.7519	
15.8790	0.0000	1.0359	25.3266	25.4157	0.0000	3.1974	0.0000	-886.5065	12.7500	12.7519	
15.9290	0.0000	1.0359	25.3319	25.4157	0.0000	3.1974	0.0000	-888.7319	12.7500	12.7222	
15.9790	0.0000	1.0359	25.3342	25.4157	0.0000	3.1974	0.0000	-888.7319	12.7500	12.7222	
16.0290	0.0000	1.0359	25.3413	25.4157	0.0000	3.1369	0.0000	-888.7319	12.7500	12.7000	
16.0780	0.0000	1.0359	25.3326	25.4757	0.0000	3.1974	0.0000	-888.7319	12.7500	12.7778	
16.1280	0.0000	1.0359	25.3303	25.4757	0.0000	3.1974	0.0000	-888.7319	12.7500	12.7778	
16.1790	0.0000	1.0359	25.3185	25.4157	0.0000	3.1974	0.0000	-888.7319	12.7500	12.8259	
16.2280	0.0000	1.0359	25.3121	25.4157	0.0000	3.2579	0.0000	-888.7319	12.7500	12.8185	
16.2780	0.0000	1.0359	25.3073	25.4157	0.0000	3.2579	0.0000	-888.7319	12.7500	12.8185	
16.3290	0.0000	1.0359	25.3044	25.4157	0.0000	3.1369	0.0000	-888.7319	12.7500	12.8037	
16.3780	0.0000	1.0359	25.2999	25.3556	0.0000	3.1369	0.0000	-888.7319	12.7500	12.8037	
16.4280	0.0000	1.0359	25.2953	25.3556	0.0000	3.1974	0.0000	-888.7319	12.7500	12.7259	
16.4780	0.0000	1.0987	25.3089	25.3556	0.0000	3.1974	0.0000	-888.7319	12.7500	12.7259	
16.5280	0.0000	1.0359	25.3068	25.4757	0.0000	3.1369	0.0000	-886.5065	12.7500	12.7481	
16.5790	0.0000	1.0359	25.3070	25.4757	0.0000	3.1369	0.0000	-886.5065	12.7500	12.7481	
16.6280	0.0000	1.1615	25.3064	25.3556	0.0000	3.1974	0.0000	-888.7319	12.7500	12.7519	
16.6780	0.0000	1.0359	25.3099	25.4157	0.0000	3.2579	0.0000	-888.7319	12.7500	12.7296	
16.7290	0.0000	1.0359	25.3116	25.4157	0.0000	3.2579	0.0000	-888.7319	12.7500	12.7296	
16.7780	0.0000	1.0359	25.3096	25.2956	0.0000	3.1974	0.0000	-890.9572	12.7500	12.7481	
16.8280	0.0000	1.0359	25.3098	25.3556	0.0000	3.2579	0.0000	-888.7319	12.7500	12.7148	
16.8780	0.0000	1.0359	25.3177	25.3556	0.0000	3.2579	0.0000	-888.7319	12.7500	12.7148	
16.9280	0.0000	1.0987	25.3146	25.4157	0.0000	3.2579	0.0000	-886.5065	12.7500	12.7481	
16.9780	0.0000	1.0987	25.3147	25.4157	0.0000	3.1974	0.0000	-886.5065	12.7500	12.7481	
17.0290	0.0000	1.0359	25.3149	25.4157	0.0000	3.1974	0.0000	-884.2812	12.7500	12.7481	
17.0790	0.0000	1.0359	25.3124	25.3556	0.0000	3.1974	0.0000	-888.7319	12.7500	12.7630	
17.1290	0.0000	1.0359	25.3113	25.3556	0.0000	3.1974	0.0000	-888.7319	12.7500	12.7630	
17.1790	0.0000	1.0359	25.3166	25.3556	0.0000	3.1369	0.0000	-888.7319	12.7500	12.7333	
17.2290	0.0000	1.0987	25.3161	25.4157	0.0000	3.1974	0.0000	-888.7319	12.7500	12.7444	
17.2780	0.0000	1.0987	25.3166	25.4157	0.0000	3.1974	0.0000	-888.7319	12.7500	12.7444	
17.3280	0.0000	1.0987	25.3341	25.4157	0.0000	3.2579	0.0000	-888.7319	12.7500	12.6593	
17.3780	0.0000	1.0987	25.3419	25.4157	0.0000	3.1974	0.0000	-890.9572	12.7500	12.4667	
17.4280	0.0000	1.0359	25.3939	25.3556	0.0000	3.1974	0.0000	-890.9572	12.7500	12.4667	
17.4780	0.0000	1.0359	25.4177	25.3556	0.0000	3.1974	0.0000	-890.9572	12.7500	12.4667	
17.5280	0.0000	1.0987	25.5421	25.4757	0.0000	3.1974	0.0000	-888.7319	12.7500	11.9630	
17.5780	0.0000	1.1615	25.6096	25.5358	0.0000	3.1974	0.0000	-888.7319	12.7500	11.5704	
17.6280	0.0000	1.1615	25.7653	25.5358	0.0000	3.1974	0.0000	-888.7319	12.7500	11.5704	
17.6790	0.0000	1.0987	25.9409	25.7159	0.0000	3.2579	0.0000	-888.7319	12.7500	11.1667	
17.7290	0.0000	1.0987	26.0740	25.7159	0.0000	3.2579	0.0000	-888.7319	12.7500	11.1667	
17.7790	0.0000	1.0359	26.2479	26.0162	0.0000	3.2579	0.0000	-888.7319	12.7500	10.9778	
17.8290	0.0000	1.0359	26.3687	26.3164	0.0000	3.2579	0.0000	-888.7319	12.7500	11.1296	
17.8780	0.0000	1.0359	26.5049	26.3164	0.0000	3.2579	0.0000	-888.7319	12.7500	11.1296	
17.9280	0.0000	1.0359	26.5775	26.5566	0.0000	3.1974	0.0000	-888.7319	12.7500	11.4481	
17.9790	0.0000	1.0359	26.6580	26.7368	0.0000	3.2579	0.0000	-888.7319	12.7500	11.6333	
18.0280	0.0000	1.0359	26.7500	26.7368	0.0000	3.2579	0.0000	-888.7319	12.7500	11.6333	
18.0790	0.0000	1.0987	26.8061	26.7968	0.0000	3.2579	0.0000	-886.5065	12.7500	11.8222	
18.1280	0.0000	1.0987	26.8841	26.7968	0.0000	3.1974	0.0000	-888.7319	12.7500	11.9741	
18.1790	0.0000	1.0987	26.9279	26.9169	0.0000	3.1974	0.0000	-888.7319	12.7500	11.9741	
18.2280	0.0000	1.0987	26.9722	26.9770	0.0000	3.1974	0.0000	-886.5065	12.7500	12.0889	
18.2780	0.0000	1.0987	27.0277	26.9770	0.0000	3.1974	0.0000	-886.5065	12.7500	12.0889	
18.3280	0.0000	1.0359	27.0613	27.0971	0.0000	3.1974	0.0000	-888.7319	12.7500	12.1852	
18.3780	0.0000	1.0987	27.0977	27.2172	0.0000	3.1974	0.0000	-886.5065	12.7500	12.2519	
18.4280	0.0000	1.0987	27.1396	27.2172	0.0000	3.1974	0.0000	-886.5065	12.7500	12.2519	
18.4790	0.0000	1.0987	27.1719	27.2172	0.0000	3.1974	0.0000	-888.7319	12.7500	12.3000	
18.5280	0.0000	1.0359	27.2097	27.2172	0.0000	3.1974	0.0000	-888.7319	12.7500	12.3000	
18.5790	0.0000	1.0987	27.2377	27.3373	0.0000	3.1974	0.0000	-886.5065	12.7500	12.3593	
18.6280	0.0000	1.0987	27.2706	27.3373	0.0000	3.1974	0.0000	-886.5065	12.7500	12.3593	
18.6790	0.0000	1.0987	27.2936	27.3373	0.0000	3.2579	0.0000	-886.5065	12.7500	12.4111	
18.7280	0.0000	1.1615	27.3215	27.3373	0.0000	3.2579	0.0000	-886.5065	12.7500	12.4778	
18.7790	0.0000	1.1615	27.3345	27.3973	0.0000	3.2579	0.0000	-886.5065	12.7500	12.4778	
18.8280	0.0000	1.0987	27.3540	27.4574	0.0000	3.1974	0.0000	-890.9572	12.7500	12.4963	
18.8790	0.0000	1.0987	27.3753	27.4574	0.0000	3.1974	0.0000	-890.9572	12.7500	12.4963	
18.9290	0.0000	1.0987	27.3914	27.4574	0.0000	3.1974	0.0000	-886.5065	12.7500	12.5222	
18.9790	0.0000	1.0987	27.4090	27.5174	0.0000	3.1369	0.0000	-888.7319	12.7500	12.5296	
19.0280	0.0000	1.0987	27.4279	27.5174	0.0000	3.1369	0.0000	-888.7319	12.7500	12.5296	
19.0780	0.0000	1.1615	27.4431	27.5174	0.0000	3.2579	0.0000	-888.7319	12.7500	12.5444	
19.1280	0.0000	1.1615	27.4603	27.5174	0.0000	3.1974	0.0000	-888.7319	12.7500	12.5259	
19.1790	0.0000	1.0987	27.4819	27.5174	0.0000	3.1974	0.0000	-888.7319	12.7500	12.5259	
19.2280	0.0000	1.0987	27.4951	27.5775	0.0000	3.1974	0.0000	-888.7319	12.7500	12.5593	
19.2780	0.0000	1.0987	27.5108	27.5775	0.0000	3.1974	0.0000	-888.7319	12.7500	12.5593	
19.3290	0.0000	1.0359	27.5134	27.6375	0.0000	3.1369	0.0000	-888.7319	12.7500	12.6222	
19.3780	0.0000	1.0359	27.5233	27.6375	0.0000	3.2579	0.0000	-888.7319	12.7500	12.6259	
19.4280	0.0000	1.0359	27.5337	27.6375	0.0000	3.2579	0.0000	-888.7319	12.7500	12.6259	
19.4780	0.0000	1.0987	27.5478	27.5775	0.0000	3.1974	0.0000	-888.7319	12.7500	12.6074	
19.5280	0.0000	1.0987	27.5601	27.5775	0.0000	3.2579	0.0000	-888.7319	12.7500	13.0074	
19.5790	0.0000	1.0359	27.4787	27.5775	0.0000	3.2579	0.0000	-888.7319	12.7500	13.0074	
19.6290	0.0000	1.0359	27.4571	27.5775	0.0000	3.2579	0.0000	-888.7319	12.7500	13.0074	
19.6790	0.0000	1.0987	27.3061	27.5775	0.0000	3.1974	0.0000	-888.7319	12.7500	13.6630	
19.7280	0.0000	1.1615	27.2294	27.5174	0.0000	3.1974	0.0000	-888.7319	12.7500	13.6815	
19.7780	0.0000	1.1615	27.1468	27.5174	0.0000	3.1974	0.0000	-888.7319	12.7500	13.6815	
19.8280	0.0000	1.1615	27.0762	27.2772	0.0000	3.2579	0.0000	-888.7319	12.7500	13.6481	
19.8790	0.0000	1.1615	26.9992	27.2772	0.0000	3.2579	0.0000	-888.7319	12.7500	13.4926	
19.9280	0.0000	1.0987	26.9600	27.0971	0.0000	3.2579	0.0000	-886.5065	12.7500	13.4926	
19.9780	0.0000	1.0987	26.9252	27.0370	0.0000	3.2579	0.0000	-888.7319	12.7500	13.3481	
20.0290	0.0000	1.0987	26.8740	27.0370	0.0000	3.2579	0.0000	-888.7319	12.7500	13.3481	
20.0790	0.0000	1.0987	26.8349	27.0370	0.0000	3.1974	0.0000	-888.7319	12.7500	13.2963	
20.1290	0.0000	1.0987	26.8027	26.9770	0.0000	3.1369	0.0000	-888.7319	12.7500	13.2185	
20.1790	0.0000	1.0987	26.7625	26.9770	0.0000	3.1369	0.0000	-888.7319	12.7500	13.2185	
20.2280	0.0000	1.0987	26.7454	26.7968	0.0000	3.1974	0.0000	-888.7319	12.7500	13.1111	
20.2780	0.0000	1.0987	26.7150	26.7968	0.0000	3.1974	0.0000	-886.5065	12.7500	12.9519	
20.3280	0.0000	1.0987	26.7218	26.8569	0.0000	3.1974	0.0000	-886.5065	12.7500	12.9519	
20.3790	0.0000	1.0359	26.7171	26.7968	0.0000	3.1974	0.0000	-888.7319	12.7500	12.8852	
20.4280	0.0000	1.0359	26.7055	26.7968	0.0000	3.1974	0.0000	-888.7319	12.7500	12.8852	
20.4790	0.0000	1.0359	26.6992	26.7968	0.0000	3.1974	0.0000	-886.5065	12.7500	12.8630	
20.5290	0.0000	1.0987	26.6925	26.7968	0.0000	3.1974	0.0000	-888.7319	12.7500	12.8444	
20.5780	0.0000	1.0987	26.6846	26.7968	0.0000	3.1974	0.0000	-888.7319	12.7500	12.8444	
20.6280	0.0000	1.0987	26.6827	26.7968	0.0000	3.2579	0.0000	-888.7319	12.7500	12.8148	
20.6790	0.0000	1.0359	26.6772	26.7368	0.0000	3.2579	0.0000	-888.7319	12.7500	12.8148	
20.7290	0.0000	1.0987	26.6705	26.7968	0.0000	3.1974	0.0000	-888.7319	12.7500	12.8222	
20.7790	0.0000	1.0987	26.6646	26.7968	0.0000	3.1974	0.0000	-888.7319	12.7500	12.8222	
20.8280	0.0000	1.0359	26.6473	26.7968	0.0000	3.2579	0.0000	-888.7319	12.7500	12.8778	
20.8790	0.0000	1.0359	26.6368	26.7368	0.0000	3.2579	0.0000	-886.5065	12.7500	12.8963	
20.9290	0.0000	1.0359	26.6215	26.7368	0.0000	3.2579	0.0000	-886.5065	12.7500	12.8963	
20.9790	0.0000	1.0359	26.6146	26.6767	0.0000	3.1974	0.0000	-886.5065	12.7500	12.8667	
21.0290	0.0000	1.0359	26.6048	26.6767	0.0000	3.1974	0.0000	-886.5065	12.7500	12.8667	
21.0780	0.0000	1.0359	26.6094	26.6167	0.0000	3.1974	0.0000	-886.5065	12.7500	12.8000	
21.1280	0.0000	1.0359	26.6145	26.6767	0.0000	3.1974	0.0000	-886.5065	12.7500	12.7444	
21.1790	0.0000	1.0359	26.6149	26.6767	0.0000	3.1974	0.0000	-886.5065	12.7500	12.7444	
21.2280	0.0000	1.0359	26.6198	26.6767	0.0000	3.2579	0.0000	-890.9572	12.7500	12.7222	
21.2780	0.0000	1.0987	26.6221	26.7368	0.0000	3.1974	0.0000	-888.7319	12.7500	12.6926	
21.3290	0.0000	1.0987	26.6314	26.7368	0.0000	3.1974	0.0000	-888.7319	12.7500	12.6926	
21.3790	0.0000	1.0359	26.6315	26.7968	0.0000	3.1974	0.0000	-888.7319	12.7500	12.7185	
21.4290	0.0000	1.0359	26.6342	26.7968	0.0000	3.1974	0.0000	-888.7319	12.7500	12.7185	
21.4780	0.0000	1.0359	26.6288	26.7368	0.0000	3.2579	0.0000	-888.7319	12.7500	12.7556	
21.5290	0.0000	1.0987	26.6302	26.6167	0.0000	3.2579	0.0000	-888.7319	12.7500	12.7444	
21.5790	0.0000	1.0987	26.6307	26.6167	0.0000	3.2579	0.0000	-888.7319	12.7500	12.7444	
21.6280	0.0000	1.0987	26.6363	26.7368	0.0000	3.1974	0.0000	-886.5065	12.7500	12.7185	
21.6780	0.0000	1.0987	26.6390	26.7368	0.0000	3.1974	0.0000	-893.1826	12.7500	12.6926	
21.7280	0.0000	1.0359	26.6476	26.7368	0.0000	3.1974	0.0000	-893.1826	12.7500	12.6926	
21.7800	0.0000	1.0359	26.6524	26.7368	0.0000	3.1974	0.0000	-893.1826	12.7500	12.6926	
21.8280	0.0000	0.9732	26.6542	26.7368	0.0000	3.1974	0.0000	-888.7319	12.7500	12.7074	
21.8780	0.0000	1.0987	26.6579	26.7968	0.0000	3.1974	0.0000	-890.9572	12.7500	12.7185	
21.9290	0.0000	1.0987	26.6589	26.7968	0.0000	3.1974	0.0000	-890.9572	12.7500	12.7185	
21.9790	0.0000	1.0359	26.6581	26.7368	0.0000	3.1974	0.0000	-888.7319	12.7500	12.7370	
22.0290	0.0000	1.0359	26.6592	26.7368	0.0000	3.2579	0.0000	-888.7319	12.7500	12.7370	
22.0780	0.0000	1.0987	26.6603	26.7368	0.0000	3.2579	0.0000	-888.7319	12.7500	12.7370	
22.1290	0.0000	1.0987	26.6600	26.7368	0.0000	3.1974	0.0000	-888.7319	12.7500	12.7444	
22.1780	0.0000	1.0987	26.6605	26.7368	0.0000	3.1974	0.0000	-888.7319	12.7500	12.7444	
22.2290	0.0000	1.0987	26.6626	26.6167	0.0000	3.1974	0.0000	-886.5065	12.7500	12.7370	
22.2790	0.0000	1.0359	26.6630	26.7968	0.0000	3.1974	0.0000	-888.7319	12.7500	12.7407	
22.3280	0.0000	1.0359	26.6638	26.7968	0.0000	3.1974	0.0000	-888.7319	12.7500	12.7407	
22.3780	0.0000	1.0987	26.6624	26.7368	0.0000	3.2579	0.0000	-886.5065	12.7500	12.7519	
22.4280	0.0000	1.0987	26.6622	26.7368	0.0000	3.2579	0.0000	-886.5065	12.7500	12.7407	
22.4780	0.0000	1.0359	26.6646	26.7368	0.0000	3.2579	0.0000	-886.5065	12.7500	12.7407	
22.5290	0.0000	1.0359	26.6682	26.6767	0.0000	3.1974	0.0000	-888.7319	12.7500	12.7259	
22.5780	0.0000	1.0359	26.6702	26.6767	0.0000	3.1974	0.0000	-888.7319	12.7500	12.7259	
22.6290	0.0000	1.0359	26.6674	26.6767	0.0000	3.1974	0.0000	-888.7319	12.7500	12.7481	
22.6790	0.0000	1.1615	26.6601	26.7968	0.0000	3.1369	0.0000	-888.7319	12.7500	12.7926	
22.7290	0.0000	1.1615	26.6566	26.7968	0.0000	3.1369	0.0000	-888.7319	12.7500	12.7926	
22.7780	0.0000	1.1615	26.6516	26.7968	0.0000	3.1974	0.0000	-888.7319	12.7500	12.8000	
22.8280	0.0000	1.0987	26.6474	26.7368	0.0000	3.1974	0.0000	-888.7319	12.7500	12.8000	
22.8790	0.0000	1.0987	26.6414	26.7968	0.0000	3.1974	0.0000	-888.7319	12.7500	12.8111	
22.9280	0.0000	1.0987	26.6362	26.7968	0.0000	3.1974	0.0000	-888.7319	12.7500	12.8111	
22.9790	0.0000	1.1615	26.6228	26.7368	0.0000	3.1974	0.0000	-886.5065	12.7500	12.8519	
23.0280	0.0000	1.0359	26.6142	26.7368	0.0000	3.1369	0.0000	-888.7319	12.7500	12.8519	
23.0790	0.0000	1.0359	26.6057	26.7368	0.0000	3.1369	0.0000	-888.7319	12.7500	12.8519	
23.1290	0.0000	1.1615	26.6067	26.7368	0.0000	3.1974	0.0000	-890.9572	12.7500	12.8000	
23.1790	0.0000	1.1615	26.6025	26.7368	0.0000	3.1974	0.0000	-890.9572	12.7500	12.8000	
23.2290	0.0000	1.0987	26.6007	26.6767	0.0000	3.1974	0.0000	-888.7319	12.7500	12.7889	
23.2780	0.0000	1.0359	26.6005	26.6767	0.0000	3.1974	0.0000	-888.7319	12.7500	12.7704	
23.3280	0.0000	1.0359	26.5988	26.6767	0.0000	3.1974	0.0000	-888.7319	12.7500	12.7704	
23.3780	0.0000	1.0359	26.6052	26.6767	0.0000	3.1369	0.0000	-886.5065	12.7500	12.7296	
23.4280	0.0000	1.0987	26.6070	26.7368	0.0000	3.1974	0.0000	-888.7319	12.7500	12.7630	
23.4780	0.0000	1.0987	26.6010	26.7368	0.0000	3.1974	0.0000	-888.7319	12.7500	12.7630	
23.5280	0.0000	1.0359	26.5985	26.6767	0.0000	3.1974	0.0000	-886.5065	12.7500	12.7704	
23.5790	0.0000	1.0359	26.5968	26.6767	0.0000	3.1974	0.0000	-886.5065	12.7500	12.7667	
23.6290	0.0000	1.0987	26.5959	26.7368	0.0000	3.1974	0.0000	-888.7319	12.7500	12.7667	
23.6790	0.0000	1.1615	26.5959	26.6767	0.0000	3.1974	0.0000	-888.7319	12.7500	12.7593	
23.7290	0.0000	1.1615	26.5951	26.6767	0.0000	3.1974	0.0000	-888.7319	12.7500	12.7593	
23.7790	0.0000	1.0987	26.5999	26.6767	0.0000	3.1974	0.0000	-886.5065	12.7500	12.7333	
23.8290	0.0000	1.0987	26.6074	26.6767	0.0000	3.1974	0.0000	-888.7319	12.7500	12.6963	
23.8790	0.0000	1.0987	26.6120	26.6767	0.0000	3.1974	0.0000	-888.7319	12.7500	12.6963	
23.9280	0.0000	1.0987	26.6165	26.6767	0.0000	3.1974	0.0000	-888.7319	12.7500	12.6963	
23.9790	0.0000	1.1615	26.6226	26.6767	0.0000	3.1369	0.0000	-890.9572	12.7500	12.6889	
24.0290	0.0000	1.0987	26.6276	26.6767	0.0000	3.2579	0.0000	-886.5065	12.7500	12.7074	
24.0790	0.0000	1.0987	26.6284	26.6767	0.0000	3.2579	0.0000	-886.5065	12.7500	12.7074	
24.1290	0.0000	1.0987	26.6262	26.7368	0.0000	3.1369	0.0000	-888.7319	12.7500	12.7370	
24.1790	0.0000	1.0987	26.6272	26.7368	0.0000	3.1974	0.0000	-888.7319	12.7500	12.7556	
24.2280	0.0000	1.0987	26.6240	26.7368	0.0000	3.1974	0.0000	-888.7319	12.7500	12.7556	
24.2790	0.0000	1.0359	26.6194	26.7368	0.0000	3.1974	0.0000	-888.7319	12.7500	12.7778	
24.3280	0.0000	1.0359	26.6171	26.7368	0.0000	3.1974	0.0000	-888.7319	12.7500	12.7778	
24.3790	0.0000	1.0987	26.6164	26.7368	0.0000	3.1369	0.0000	-888.7319	12.7500	12.7704	
24.4290	0.0000	1.0987	26.6115	26.6767	0.0000	3.1974	0.0000	-886.5065	12.7500	12.7889	
24.4790	0.0000	1.0987	26.6083	26.6767	0.0000	3.1974	0.0000	-886.5065	12.7500	12.7889	
24.5290	0.0000	1.1615	26.6021	26.7368	0.0000	3.1369	0.0000	-890.9572	12.7500	12.8037	
24.5790	0.0000	1.1615	26.5976	26.7368	0.0000	3.1369	0.0000	-888.7319	12.7500	12.7630	
24.6280	0.0000	1.1615	26.6026	26.7368	0.0000	3.1369	0.0000	-888.7319	12.7500	12.7630	
24.6780	0.0000	1.0359	26.6069	26.6767	0.0000	3.1369	0.0000	-888.7319	12.7500	12.7333	
24.7290	0.0000	1.0359	26.6084	26.6767	0.0000	3.1369	0.0000	-888.7319	12.7500	12.7333	
24.7780	0.0000	1.0987	26.6074	26.6167	0.0000	3.1369	0.0000	-888.7319	12.7500	12.7444	
24.8280	0.0000	1.0359	26.6134	26.6767	0.0000	3.1974	0.0000	-888.7319	12.7500	12.7111	
24.8780	0.0000	1.0359	26.6166	26.6767	0.0000	3.1974	0.0000	-888.7319	12.7500	12.7111	
24.9280	0.0000	1.0359	26.6214	26.6767	0.0000	3.1974	0.0000	-888.7319	12.7500	12.7037	
24.9780	0.0000	1.0359	26.6252	26.6167	0.0000	3.1974	0.0000	-888.7319	12.7500	12.7037	
25.0290	0.0000	1.0359	26.6255	26.7368	0.0000	3.1974	0.0000	-890.9572	12.7500	12.7259	
25.0780	0.0000	1.0359	26.6274	26.7368	0.0000	3.1974	0.0000	-890.9572	12.7500	12.7259	
25.1280	0.0000	1.0987	26.6272	26.7968	0.0000	3.1974	0.0000	-886.5065	12.7500	12.7370	
25.1780	0.0000	1.0987	26.6283	26.7968	0.0000	3.1369	0.0000	-888.7319	12.7500	12.7815	
25.2290	0.0000	1.0987	26.6190	26.7368	0.0000	3.1369	0.0000	-888.7319	12.7500	12.7815	
25.2780	0.0000	1.0359	26.6110	26.6767	0.0000	3.2579	0.0000	-888.7319	12.7500	12.8111	
25.3290	0.0000	1.0359	26.6058	26.6767	0.0000	3.2579	0.0000	-888.7319	12.7500	12.8111	
25.3780	0.0000	1.0987	26.6055	26.6767	0.0000	3.2579	0.0000	-888.7319	12.7500	12.7889	
25.4280	0.0000	1.0987	26.6022	26.6767	0.0000	3.1974	0.0000	-888.7319	12.7500	12.7889	
25.4780	0.0000	1.0987	26.5990	26.6767	0.0000	3.1974	0.0000	-888.7319	12.7500	12.7889	
25.5290	0.0000	1.0359	26.5993	26.6767	0.0000	3.1974	0.0000	-886.5065	12.7500	12.7704	
25.5780	0.0000	1.0987	26.5976	26.6767	0.0000	3.1369	0.0000	-888.7319	12.7500	12.7074	
25.6280	0.0000	1.0987	26.6107	26.6767	0.0000	3.1369	0.0000	-888.7319	12.7500	12.7074	
25.6790	0.0000	1.0987	26.6150	26.6767	0.0000	3.1369	0.0000	-888.7319	12.7500	12.7037	
25.7280	0.0000	1.0987	26.6188	26.6767	0.0000	3.1369	0.0000	-888.7319	12.7500	12.7037	
25.7780	0.0000	1.0359	26.6186	26.6767	0.0000	3.1974	0.0000	-888.7319	12.7500	12.7222	
25.8280	0.0000	0.9732	26.6191	26.7368	0.0000	3.1974	0.0000	-886.5065	12.7500	12.7333	
25.8780	0.0000	0.9732	26.6206	26.7368	0.0000	3.1974	0.0000	-886.5065	12.7500	12.7333	
25.9280	0.0000	0.9732	26.6108	26.7368	0.0000	3.1974	0.0000	-888.7319	12.7500	12.7889	
25.9780	0.0000	1.0359	26.6076	26.7368	0.0000	3.1974	0.0000	-888.7319	12.7500	12.7889	
26.0280	0.0000	1.0987	26.6037	26.6767	0.0000	3.1974	0.0000	-888.7319	12.7500	12.7926	
26.0790	0.0000	1.0987	26.6000	26.6767	0.0000	3.1974	0.0000	-888.7319	12.7500	12.7926	
26.1290	0.0000	1.0359	26.6002	26.6167	0.0000	3.1974	0.0000	-888.7319	12.7500	12.7741	
26.1790	0.0000	1.0359	26.5982	26.6767	0.0000	3.1974	0.0000	-886.5065	12.7500	12.7407	
26.2290	0.0000	1.0359	26.6039	26.6767	0.0000	3.1974	0.0000	-886.5065	12.7500	12.7407	
26.2780	0.0000	1.1615	26.6047	26.6767	0.0000	3.2579	0.0000	-890.9572	12.7500	12.7407	
26.3280	0.0000	1.1615	26.6055	26.6767	0.0000	3.2579	0.0000	-890.9572	12.7500	12.7407	
26.3790	0.0000	1.0987	26.6087	26.6167	0.0000	3.2579	0.0000	-886.5065	12.7500	12.7296	
26.4280	0.0000	1.0987	26.6158	26.6767	0.0000	3.1974	0.0000	-886.5065	12.7500	12.6963	
26.4790	0.0000	1.0987	26.6203	26.6767	0.0000	3.1974	0.0000	-886.5065	12.7500	12.6963	
26.5290	0.0000	1.0987	26.6183	26.7368	0.0000	3.1974	0.0000	-888.7319	12.7500	12.7296	
26.5780	0.0000	1.0987	26.6200	26.7968	0.0000	3.1974	0.0000	-886.5065	12.7500	12.7370	
26.6280	0.0000	1.0987	26.6200	26.7968	0.0000	3.1974	0.0000	-886.5065	12.7500	12.7370	
26.6780	0.0000	1.0987	26.6183	26.6767	0.0000	3.1974	0.0000	-888.7319	12.7500	12.7519	
26.7290	0.0000	1.0987	26.6182	26.6767	0.0000	3.2579	0.0000	-888.7319	12.7500	12.7444	
26.7780	0.0000	1.0987	26.6198	26.6767	0.0000	3.2579	0.0000	-888.7319	12.7500	12.7444	
26.8290	0.0000	1.0987	26.6243	26.6767	0.0000	3.1974	0.0000	-888.7319	12.7500	12.7222	
26.8790	0.0000	1.0987	26.6266	26.6767	0.0000	3.1974	0.0000	-888.7319	12.7500	12.7222	
26.9290	0.0000	1.0987	26.6306	26.6167	0.0000	3.2579	0.0000	-888.7319	12.7500	12.7148	
26.9780	0.0000	1.0987	26.6353	26.6167	0.0000	3.1974	0.0000	-888.7319	12.7500	12.7037	
27.0280	0.0000	1.0987	26.6392	26.6767	0.0000	3.1974	0.0000	-888.7319	12.7500	12.7037	
27.0790	0.0000	1.0987	26.6431	26.6767	0.0000	3.1974	0.0000	-888.7319	12.7500	12.7037	
27.1280	0.0000	1.0987	26.6462	26.6767	0.0000	3.1974	0.0000	-888.7319	12.7500	12.7074	
27.1790	0.0000	1.0359	26.6430	26.7968	0.0000	3.1369	0.0000	-888.7319	12.7500	12.7481	
27.2280	0.0000	1.0359	26.6432	26.7968	0.0000	3.1369	0.0000	-888.7319	12.7500	12.7481	
27.2790	0.0000	1.0987	26.6411	26.7368	0.0000	3.1369	0.0000	-888.7319	12.7500	12.7593	
27.3280	0.0000	1.0987	26.6403	26.7368	0.0000	3.1974	0.0000	-888.7319	12.7500	12.7852	
27.3790	0.0000	1.0987	26.6336	26.7968	0.0000	3.1974	0.0000	-888.7319	12.7500	12.7852	
27.4280	0.0000	1.0987	26.6278	26.6767	0.0000	3.1974	0.0000	-886.5065	12.7500	12.8000	
27.4780	0.0000	1.0987	26.6237	26.6767	0.0000	3.1974	0.0000	-886.5065	12.7500	12.8000	
27.5280	0.0000	1.0359	26.6307	26.6767	0.0000	3.1974	0.0000	-886.5065	12.7500	12.7481	
27.5780	0.0000	1.0359	26.6418	26.7368	0.0000	3.1974	0.0000	-890.9572	12.7500	12.6815	
27.6280	0.0000	1.0359	26.6477	26.7368	0.0000	3.1974	0.0000	-890.9572	12.7500	12.6815	
27.6780	0.0000	1.0359	26.6497	26.7368	0.0000	3.1369	0.0000	-888.7319	12.7500	12.7000	
27.7280	0.0000	1.0359	26.6539	26.7968	0.0000	3.1974	0.0000	-886.5065	12.7500	12.7333	
27.7790	0.0000	1.0359	26.6504	26.7968	0.0000	3.1974	0.0000	-886.5065	12.7500	12.7333	
27.8280	0.0000	1.0359	26.6464	26.7368	0.0000	3.2579	0.0000	-888.7319	12.7500	12.7630	
27.8790	0.0000	1.0359	26.6453	26.7368	0.0000	3.2579	0.0000	-888.7319	12.7500	12.7630	
27.9280	0.0000	1.0359	26.6434	26.7368	0.0000	3.1974	0.0000	-890.9572	12.7500	12.7667	
27.9790	0.0000	1.0987	26.6432	26.6767	0.0000	3.1974	0.0000	-888.7319	12.7500	12.7593	
28.0290	0.0000	1.0987	26.6424	26.6767	0.0000	3.1974	0.0000	-888.7319	12.7500	12.7593	
28.0790	0.0000	1.0987	26.6431	26.6767	0.0000	3.2579	0.0000	-888.7319	12.7500	12.7519	
28.1290	0.0000	0.9732	26.6430	26.7368	0.0000	3.2579	0.0000	-888.7319	12.7500	12.7519	
28.1780	0.0000	1.0359	26.6391	26.7368	0.0000	3.1974	0.0000	-888.7319	12.7500	12.7741	
28.2290	0.0000	1.0359	26.6371	26.7368	0.0000	3.1974	0.0000	-888.7319	12.7500	12.7741	
28.2780	0.0000	1.0987	26.6321	26.7968	0.0000	3.2579	0.0000	-888.7319	12.7500	12.7889	
28.3290	0.0000	1.0987	26.6289	26.7368	0.0000	3.1974	0.0000	-884.2812	12.7500	12.7889	
28.3790	0.0000	1.0987	26.6256	26.7368	0.0000	3.1974	0.0000	-884.2812	12.7500	12.7889	
28.4280	0.0000	1.0987	26.6257	26.7368	0.0000	3.1974	0.0000	-888.7319	12.7500	12.7704	
28.4790	0.0000	1.0987	26.6240	26.7368	0.0000	3.1974	0.0000	-888.7319	12.7500	12.7704	
28.5280	0.0000	1.0987	26.6278	26.6767	0.0000	3.1974	0.0000	-888.7319	12.7500	12.7444	
28.5780	0.0000	1.0987	26.6314	26.7968	0.0000	3.2579	0.0000	-886.5065	12.7500	12.7259	
28.6280	0.0000	1.0987	26.6334	26.7968	0.0000	3.2579	0.0000	-886.5065	12.7500	12.7259	
28.6780	0.0000	1.0987	26.6347	26.6167	0.0000	3.2579	0.0000	-888.7319	12.7500	12.7296	
28.7280	0.0000	1.0987	26.6364	26.6767	0.0000	3.1974	0.0000	-888.7319	12.7500	12.7148	
28.7790	0.0000	1.0987	26.6416	26.6767	0.0000	3.1974	0.0000	-888.7319	12.7500	12.7148	
28.8280	0.0000	1.0359	26.6445	26.6767	0.0000	3.1974	0.0000	-890.9572	12.7500	12.7148	
28.8790	0.0000	1.0359	26.6475	26.6767	0.0000	3.1974	0.0000	-890.9572	12.7500	12.7148	
28.9290	0.0000	1.0359	26.6568	26.7368	0.0000	3.2579	0.0000	-888.7319	12.7500	12.6852	
28.9790	0.0000	1.0359	26.6592	26.7368	0.0000	3.1369	0.0000	-890.9572	12.7500	12.7037	
29.0290	0.0000	1.0359	26.6630	26.7368	0.0000	3.1369	0.0000	-890.9572	12.7500	12.7037	
29.0790	0.0000	1.0987	26.6582	26.7368	0.0000	3.1974	0.0000	-890.9572	12.7500	12.7444	
29.1280	0.0000	1.0987	26.6593	26.7368	0.0000	3.1369	0.0000	-886.5065	12.7500	12.7407	
29.1790	0.0000	1.0359	26.6600	26.7368	0.0000	3.1369	0.0000	-886.5065	12.7500	12.7407	
29.2290	0.0000	1.0359	26.6608	26.7368	0.0000	3.1369	0.0000	-886.5065	12.7500	12.7407	
29.2790	0.0000	1.0359	26.6496	26.7968	0.0000	3.1974	0.0000	-890.9572	12.7500	12.7963	
29.3290	0.0000	1.0987	26.6458	26.7368	0.0000	3.1974	0.0000	-886.5065	12.7500	12.7963	
29.3780	0.0000	1.0987	26.6419	26.7368	0.0000	3.1974	0.0000	-886.5065	12.7500	12.7963	
29.4280	0.0000	1.0359	26.6380	26.7368	0.0000	3.1974	0.0000	-888.7319	12.7500	12.7963	
29.4780	0.0000	1.0359	26.6341	26.7368	0.0000	3.1974	0.0000	-888.7319	12.7500	12.7444	
29.5290	0.0000	1.0987	26.6423	26.7368	0.0000	3.1974	0.0000	-888.7319	12.7500	12.7444	
29.5780	0.0000	1.0987	26.6387	26.6767	0.0000	3.2579	0.0000	-888.7319	12.7500	12.7667	
29.6280	0.0000	1.0987	26.6373	26.6767	0.0000	3.2579	0.0000	-888.7319	12.7500	12.7667	
29.6790	0.0000	1.0359	26.6456	26.7368	0.0000	3.1974	0.0000	-888.7319	12.7500	12.7222	
29.7290	0.0000	1.0987	26.6461	26.6767	0.0000	3.1974	0.0000	-890.9572	12.7500	12.7333	
29.7780	0.0000	1.0987	26.6475	26.6767	0.0000	3.1974	0.0000	-890.9572	12.7500	12.7333	
29.8290	0.0000	1.0987	26.6496	26.6767	0.0000	3.1974	0.0000	-890.9572	12.7500	12.7296	
29.8780	0.0000	1.0987	26.6513	26.6767	0.0000	3.1974	0.0000	-888.7319	12.7500	12.7481	
29.9280	0.0000	1.0987	26.6487	26.7968	0.0000	3.1974	0.0000	-888.7319	12.7500	12.7481	
29.9780	0.0000	1.0987	26.6468	26.7368	0.0000	3.1369	0.0000	-888.7319	12.7500	12.7593	
30.0290	0.0000	1.0987	26.6460	26.7368	0.0000	3.1369	0.0000	-888.7319	12.7500	12.7593	
30.0790	0.0000	1.0987	26.6516	26.7368	0.0000	3.1974	0.0000	-888.7319	12.7500	12.7296	
30.1290	0.0000	1.0987	26.6546	26.7968	0.0000	3.1974	0.0000	-886.5065	12.7500	12.7222	
30.1780	0.0000	1.0987	26.6569	26.7968	0.0000	3.1974	0.0000	-886.5065	12.7500	12.7222	
30.2280	0.0000	1.0987	26.6600	26.7968	0.0000	3.1369	0.0000	-888.7319	12.7500	12.7185	
30.2780	0.0000	0.9732	26.6626	26.7368	0.0000	3.1369	0.0000	-888.7319	12.7500	12.7185	
30.3280	0.0000	1.0987	26.6610	26.7968	0.0000	3.1974	0.0000	-888.7319	12.7500	12.7444	
30.3780	0.0000	1.0987	26.6614	26.7968	0.0000	3.1974	0.0000	-888.7319	12.7500	12.7444	
30.4280	0.0000	1.0987	26.6560	26.7968	0.0000	3.1974	0.0000	-888.7319	12.7500	12.7741	
30.4780	0.0000	1.0987	26.6540	26.7368	0.0000	3.2579	0.0000	-888.7319	12.7500	12.7630	
30.5290	0.0000	1.0987	26.6545	26.7368	0.0000	3.2579	0.0000	-888.7319	12.7500	12.7630	
30.5790	0.0000	1.0987	26.6609	26.6767	0.0000	3.1974	0.0000	-888.7319	12.7500	12.7222	
30.6280	0.0000	1.0987	26.6632	26.6767	0.0000	3.1974	0.0000	-888.7319	12.7500	12.7222	
30.6780	0.0000	1.0359	26.6656	26.6767	0.0000	3.1369	0.0000	-888.7319	12.7500	12.7222	
30.7290	0.0000	1.0987	26.6667	26.7368	0.0000	3.1974	0.0000	-886.5065	12.7500	12.7296	
30.7790	0.0000	1.0987	26.6684	26.7368	0.0000	3.1974	0.0000	-886.5065	12.7500	12.7296	
30.8280	0.0000	1.0987	26.6709	26.7368	0.0000	3.1974	0.0000	-888.7319	12.7500	12.7259	
30.8780	0.0000	1.0359	26.6741	26.7368	0.0000	3.1974	0.0000	-886.5065	12.7500	12.7185	
30.9280	0.0000	1.0359	26.6768	26.7368	0.0000	3.1974	0.0000	-886.5065	12.7500	12.7185	
30.9780	0.0000	1.0359	26.6706	26.7368	0.0000	3.1974	0.0000	-888.7319	12.7500	12.7630	
31.0280	0.0000	1.0359	26.6695	26.7368	0.0000	3.2579	0.0000	-886.5065	12.7500	12.7370	
31.0780	0.0000	1.0359	26.6745	26.6767	0.0000	3.2579	0.0000	-886.5065	12.7500	12.7370	
31.1290	0.0000	1.0359	26.6708	26.7368	0.0000	3.1974	0.0000	-886.5065	12.7500	12.7630	
31.1790	0.0000	1.0359	26.6697	26.7368	0.0000	3.1974	0.0000	-886.5065	12.7500	12.7630	
31.2280	0.0000	1.0987	26.6703	26.7368	0.0000	3.1974	0.0000	-888.7319	12.7500	12.7556	
31.2780	0.0000	1.0987	26.6716	26.7368	0.0000	3.1974	0.0000	-888.7319	12.7500	12.7444	
31.3280	0.0000	0.9732	26.6721	26.6767	0.0000	3.1974	0.0000	-888.7319	12.7500	12.7444	
31.3780	0.0000	0.9732	26.6726	26.6767	0.0000	3.1974	0.0000	-888.7319	12.7500	12.7444	
31.4280	0.0000	1.0359	26.6760	26.7368	0.0000	3.1369	0.0000	-890.9572	12.7500	12.7296	
31.4790	0.0000	1.0359	26.6777	26.7368	0.0000	3.1974	0.0000	-888.7319	12.7500	12.7370	
31.5280	0.0000	1.0359	26.6777	26.7368	0.0000	3.1974	0.0000	-888.7319	12.7500	12.7370	
31.5780	0.0000	1.0987	26.6794	26.7368	0.0000	3.1974	0.0000	-890.9572	12.7500	12.7333	
31.6290	0.0000	1.0987	26.6808	26.7368	0.0000	3.1974	0.0000	-890.9572	12.7500	12.7074	
31.6780	0.0000	1.0987	26.6883	26.7968	0.0000	3.1974	0.0000	-886.5065	12.7500	12.7074	
31.7280	0.0000	1.0359	26.6833	26.7968	0.0000	3.1974	0.0000	-888.7319	12.7500	12.7593	
31.7790	0.0000	1.0359	26.6825	26.7968	0.0000	3.1974	0.0000	-888.7319	12.7500	12.7593	
31.8280	0.0000	1.0359	26.6833	26.7968	0.0000	3.1974	0.0000	-888.7319	12.7500	12.7519	
31.8780	0.0000	1.0359	26.6831	26.7368	0.0000	3.1974	0.0000	-888.7319	12.7500	12.7630	
31.9280	0.0000	1.0359	26.6804	26.7368	0.0000	3.1974	0.0000	-888.7319	12.7500	12.7630	
31.9780	0.0000	1.0359	26.6778	26.7968	0.0000	3.1974	0.0000	-886.5065	12.7500	12.7704	
32.0290	0.0000	1.0359	26.6761	26.7968	0.0000	3.1974	0.0000	-886.5065	12.7500	12.7444	
32.0780	0.0000	1.0359	26.6804	26.7368	0.0000	3.1974	0.0000	-886.5065	12.7500	12.7444	
32.1280	0.0000	1.0359	26.6822	26.7968	0.0000	3.1974	0.0000	-888.7319	12.7500	12.7370	
32.1780	0.0000	1.0359	26.6833	26.7968	0.0000	3.1974	0.0000	-888.7319	12.7500	12.7370	
32.2280	0.0000	1.0987	26.6836	26.7368	0.0000	3.1974	0.0000	-886.5065	12.7500	12.7407	
32.2780	0.0000	1.0987	26.6874	26.7368	0.0000	3.1974	0.0000	-888.7319	12.7500	12.7222	
32.3280	0.0000	1.0359	26.6898	26.7368	0.0000	3.1974	0.0000	-888.7319	12.7500	12.7222	
32.3780	0.0000	1.0359	26.6921	26.7368	0.0000	3.1974	0.0000	-888.7319	12.7500	12.7222	
32.4280	0.0000	1.0359	26.6989	26.7368	0.0000	3.1974	0.0000	-890.9572	12.7500	12.7000	
32.4790	0.0000	1.0359	26.7031	26.7968	0.0000	3.1974	0.0000	-888.7319	12.7500	12.7519	
32.5280	0.0000	1.0359	26.6952	26.7968	0.0000	3.1974	0.0000	-888.7319	12.7500	12.7519	
32.5780	0.0000	1.0987	26.6943	26.7968	0.0000	3.1369	0.0000	-886.5065	12.7500	12.7556	
32.6280	0.0000	1.0987	26.6938	26.7968	0.0000	3.1369	0.0000	-886.5065	12.7500	12.7667	
32.6790	0.0000	1.0359	26.6908	26.8569	0.0000	3.2579	0.0000	-886.5065	12.7500	12.7667	
32.7290	0.0000	1.0359	26.6893	26.7368	0.0000	3.1974	0.0000	-888.7319	12.7500	12.7667	
32.7780	0.0000	1.0359	26.6879	26.7368	0.0000	3.1974	0.0000	-888.7319	12.7500	12.7667	
32.8280	0.0000	1.0359	26.7011	26.6767	0.0000	3.1974	0.0000	-890.9572	12.7500	12.7000	
32.8790	0.0000	1.0359	26.7053	26.7368	0.0000	3.1369	0.0000	-888.7319	12.7500	12.7000	
32.9280	0.0000	1.0359	26.7094	26.7368	0.0000	3.1369	0.0000	-888.7319	12.7500	12.7000	
32.9780	0.0000	1.0359	26.7152	26.7968	0.0000	3.1369	0.0000	-888.7319	12.7500	12.6926	
33.0280	0.0000	1.0359	26.7200	26.7968	0.0000	3.1974	0.0000	-886.5065	12.7500	12.7185	
33.0790	0.0000	1.0359	26.7188	26.7368	0.0000	3.1974	0.0000	-886.5065	12.7500	12.7185	
33.1280	0.0000	1.0359	26.7173	26.7968	0.0000	3.2579	0.0000	-888.7319	12.7500	12.7407	
33.1790	0.0000	1.0359	26.7181	26.7968	0.0000	3.2579	0.0000	-888.7319	12.7500	12.7407	
33.2280	0.0000	1.0987	26.7165	26.7968	0.0000	3.1974	0.0000	-888.7319	12.7500	12.7519	
33.2780	0.0000	1.0987	26.7126	26.8569	0.0000	3.1974	0.0000	-888.7319	12.7500	12.7741	
33.3280	0.0000	1.0987	26.7106	26.8569	0.0000	3.1974	0.0000	-888.7319	12.7500	12.7741	
33.3780	0.0000	1.0987	26.7078	26.8569	0.0000	3.1369	0.0000	-886.5065	12.7500	12.7778	
33.4290	0.0000	1.0359	26.7055	26.7968	0.0000	3.1369	0.0000	-886.5065	12.7500	12.7778	
33.4790	0.0000	1.0987	26.7031	26.7368	0.0000	3.1369	0.0000	-888.7319	12.7500	12.7741	
33.5280	0.0000	1.0987	26.7017	26.7368	0.0000	3.1369	0.0000	-888.7319	12.7500	12.7741	
33.5780	0.0000	1.0359	26.7070	26.7368	0.0000	3.1974	0.0000	-888.7319	12.7500	12.7370	
33.6280	0.0000	1.0359	26.7081	26.7368	0.0000	3.1974	0.0000	-886.5065	12.7500	12.7148	
33.6790	0.0000	1.0359	26.7144	26.7368	0.0000	3.1974	0.0000	-886.5065	12.7500	12.7148	
33.7290	0.0000	1.0359	26.7214	26.7968	0.0000	3.1974	0.0000	-888.7319	12.7500	12.6926	
33.7780	0.0000	1.0359	26.7262	26.7968	0.0000	3.1974	0.0000	-888.7319	12.7500	12.6926	
33.8290	0.0000	1.0359	26.7270	26.7968	0.0000	3.1974	0.0000	-888.7319	12.7500	12.7111	
33.8780	0.0000	0.9732	26.7260	26.7968	0.0000	3.1974	0.0000	-888.7319	12.7500	12.7370	
33.9280	0.0000	0.9732	26.7271	26.7968	0.0000	3.1974	0.0000	-888.7319	12.7500	12.7370	
33.9780	0.0000	1.0987	26.7207	26.7968	0.0000	3.2579	0.0000	-888.7319	12.7500	12.7741	
34.0280	0.0000	1.0987	26.7187	26.7968	0.0000	3.1974	0.0000	-888.7319	12.7500	12.7778	
34.0780	0.0000	1.0987	26.7159	26.8569	0.0000	3.1974	0.0000	-888.7319	12.7500	12.7778	
34.1290	0.0000	1.0359	26.7142	26.7968	0.0000	3.1974	0.0000	-890.9572	12.7500	12.7741	
34.1780	0.0000	1.0359	26.7122	26.7968	0.0000	3.1974	0.0000	-890.9572	12.7500	12.7741	
34.2280	0.0000	1.0987	26.7118	26.8569	0.0000	3.1369	0.0000	-888.7319	12.7500	12.7667	
34.2790	0.0000	1.0359	26.7091	26.7968	0.0000	3.1369	0.0000	-888.7319	12.7500	12.7741	
34.3290	0.0000	1.0359	26.7071	26.7968	0.0000	3.1369	0.0000	-888.7319	12.7500	12.7741	
34.3780	0.0000	1.0987	26.7051	26.8569	0.0000	3.1974	0.0000	-888.7319	12.7500	12.7741	
34.4280	0.0000	1.0987	26.7030	26.8569	0.0000	3.2579	0.0000	-886.5065	12.7500	12.7889	
34.4780	0.0000	1.0359	26.6975	26.7368	0.0000	3.2579	0.0000	-886.5065	12.7500	12.7889	
34.5280	0.0000	1.0359	26.6943	26.7368	0.0000	3.2579	0.0000	-886.5065	12.7500	12.7889	
34.5780	0.0000	1.1615	26.6992	26.7368	0.0000	3.1974	0.0000	-888.7319	12.7500	12.7481	
34.6280	0.0000	1.0987	26.6994	26.7368	0.0000	3.2579	0.0000	-888.7319	12.7500	12.7370	
34.6780	0.0000	1.0987	26.7021	26.7368	0.0000	3.2579	0.0000	-888.7319	12.7500	12.7370	
34.7290	0.0000	1.0359	26.7113	26.7968	0.0000	3.1974	0.0000	-888.7319	12.7500	12.6926	
34.7790	0.0000	1.0359	26.7162	26.7968	0.0000	3.2579	0.0000	-888.7319	12.7500	12.7000	
34.8290	0.0000	1.0359	26.7193	26.7968	0.0000	3.2579	0.0000	-886.5065	12.7500	12.7000	
34.8790	0.0000	1.0987	26.7187	26.7968	0.0000	3.2579	0.0000	-888.7319	12.7500	12.7259	
34.9280	0.0000	1.0987	26.7207	26.7968	0.0000	3.2579	0.0000	-888.7319	12.7500	12.7259	
34.9790	0.0000	1.0987	26.7276	26.8569	0.0000	3.1974	0.0000	-886.5065	12.7500	12.7037	
35.0290	0.0000	1.0359	26.7253	26.8569	0.0000	3.1974	0.0000	-886.5065	12.7500	12.7407	
35.0790	0.0000	1.0359	26.7261	26.8569	0.0000	3.1974	0.0000	-886.5065	12.7500	12.7407	
35.1280	0.0000	1.0359	26.7225	26.7968	0.0000	3.1974	0.0000	-888.7319	12.7500	12.7630	
35.1780	0.0000	1.0359	26.7213	26.7968	0.0000	3.1974	0.0000	-888.7319	12.7500	12.7519	
35.2280	0.0000	1.0987	26.7229	26.7368	0.0000	3.1974	0.0000	-888.7319	12.7500	12.7519	
35.2780	0.0000	1.0359	26.7274	26.8569	0.0000	3.1974	0.0000	-888.7319	12.7500	12.7259	
35.3280	0.0000	1.0359	26.7295	26.8569	0.0000	3.1974	0.0000	-888.7319	12.7500	12.7259	
35.3780	0.0000	1.0359	26.7339	26.8569	0.0000	3.1974	0.0000	-888.7319	12.7500	12.7148	
35.4280	0.0000	1.0359	26.7399	26.7968	0.0000	3.2579	0.0000	-886.5065	12.7500	12.6963	
35.4790	0.0000	1.0359	26.7445	26.7968	0.0000	3.2579	0.0000	-886.5065	12.7500	12.6963	
35.5280	0.0000	1.0359	26.7512	26.7968	0.0000	3.1974	0.0000	-888.7319	12.7500	12.6852	
35.5780	0.0000	1.0987	26.7566	26.7968	0.0000	3.1974	0.0000	-888.7319	12.7500	12.6852	
35.6280	0.0000	1.0987	26.7671	26.8569	0.0000	3.1974	0.0000	-886.5065	12.7500	12.6556	
35.6780	0.0000	1.0987	26.7749	26.8569	0.0000	3.1974	0.0000	-886.5065	12.7500	12.6556	
35.7290	0.0000	1.0359	26.7740	26.8569	0.0000	3.1974	0.0000	-888.7319	12.7500	12.7000	
35.7780	0.0000	1.0987	26.7782	26.8569	0.0000	3.2579	0.0000	-888.7319	12.7500	12.7296	
35.8290	0.0000	1.0987	26.7755	26.8569	0.0000	3.2579	0.0000	-888.7319	12.7500	12.7296	
35.8780	0.0000	1.0987	26.7745	26.9169	0.0000	3.1974	0.0000	-888.7319	12.7500	12.7444	
35.9290	0.0000	1.0987	26.7750	26.9169	0.0000	3.1974	0.0000	-888.7319	12.7500	12.7444	
35.9780	0.0000	1.0987	26.7635	26.9169	0.0000	3.2579	0.0000	-884.2812	12.7500	12.8000	
36.0280	0.0000	1.0987	26.7581	26.8569	0.0000	3.1369	0.0000	-890.9572	12.7500	12.8074	
36.0780	0.0000	1.0987	26.7531	26.8569	0.0000	3.1369	0.0000	-890.9572	12.7500	12.8074	
36.1280	0.0000	1.0359	26.7492	26.8569	0.0000	3.1974	0.0000	-884.2812	12.7500	12.8037	
36.1780	0.0000	1.0359	26.7495	26.8569	0.0000	3.2579	0.0000	-886.5065	12.7500	12.7741	
36.2280	0.0000	1.0359	26.7475	26.8569	0.0000	3.2579	0.0000	-886.5065	12.7500	12.7741	
36.2790	0.0000	1.0987	26.7500	26.7968	0.0000	3.2579	0.0000	-886.5065	12.7500	12.7519	
36.3290	0.0000	1.0987	26.7498	26.7968	0.0000	3.2579	0.0000	-888.7319	12.7500	12.7556	
36.3790	0.0000	1.0987	26.7488	26.8569	0.0000	3.2579	0.0000	-888.7319	12.7500	12.7556	
36.4280	0.0000	1.0987	26.7490	26.8569	0.0000	3.2579	0.0000	-888.7319	12.7500	12.7519	
36.4780	0.0000	1.0987	26.7488	26.8569	0.0000	3.2579	0.0000	-888.7319	12.7500	12.7519	
36.5280	0.0000	1.0359	26.7471	26.7968	0.0000	3.1974	0.0000	-888.7319	12.7500	12.7593	
36.5780	0.0000	1.0359	26.7463	26.7968	0.0000	3.1974	0.0000	-888.7319	12.7500	12.7593	
36.6280	0.0000	1.0359	26.7455	26.8569	0.0000	3.1974	0.0000	-888.7319	12.7500	12.7593	
36.6780	0.0000	1.0359	26.7447	26.8569	0.0000	3.1974	0.0000	-888.7319	12.7500	12.7593	
36.7290	0.0000	1.0987	26.7415	26.8569	0.0000	3.1369	0.0000	-890.9572	12.7500	12.7704	
36.7780	0.0000	1.0987	26.7355	26.8569	0.0000	3.1974	0.0000	-888.7319	12.7500	12.7963	
36.8280	0.0000	1.0987	26.7317	26.8569	0.0000	3.1974	0.0000	-888.7319	12.7500	12.7963	
36.8780	0.0000	1.0987	26.7248	26.7968	0.0000	3.1974	0.0000	-888.7319	12.7500	12.8111	
36.9280	0.0000	1.0987	26.7197	26.7368	0.0000	3.1974	0.0000	-888.7319	12.7500	12.7519	
36.9790	0.0000	1.0987	26.7284	26.7368	0.0000	3.1974	0.0000	-888.7319	12.7500	12.7519	
37.0290	0.0000	1.0359	26.7369	26.8569	0.0000	3.2579	0.0000	-888.7319	12.7500	12.7037	
37.0790	0.0000	1.0359	26.7409	26.8569	0.0000	3.2579	0.0000	-888.7319	12.7500	12.7037	
37.1280	0.0000	1.0987	26.7399	26.8569	0.0000	3.2579	0.0000	-886.5065	12.7500	12.7259	
37.1790	0.0000	1.0359	26.7389	26.8569	0.0000	3.1974	0.0000	-886.5065	12.7500	12.7444	
37.2290	0.0000	1.0359	26.7394	26.8569	0.0000	3.1974	0.0000	-886.5065	12.7500	12.7444	
37.2790	0.0000	1.1615	26.7342	26.8569	0.0000	3.1974	0.0000	-888.7319	12.7500	12.7704	
37.3290	0.0000	1.1615	26.7294	26.7968	0.0000	3.1369	0.0000	-888.7319	12.7500	12.7889	
37.3780	0.0000	1.1615	26.7261	26.7968	0.0000	3.1369	0.0000	-888.7319	12.7500	12.7889	
37.4280	0.0000	1.1615	26.7266	26.7968	0.0000	3.1369	0.0000	-888.7319	12.7500	12.7704	
37.4780	0.0000	1.1615	26.7248	26.7968	0.0000	3.1974	0.0000	-888.7319	12.7500	12.7074	
37.5290	0.0000	1.0359	26.7377	26.7368	0.0000	3.1974	0.0000	-888.7319	12.7500	12.7074	
37.5790	0.0000	1.0359	26.7393	26.7968	0.0000	3.2579	0.0000	-888.7319	12.7500	12.7185	
37.6290	0.0000	1.0359	26.7420	26.7968	0.0000	3.2579	0.0000	-888.7319	12.7500	12.7185	
37.6780	0.0000	1.0359	26.7533	26.7968	0.0000	3.1974	0.0000	-886.5065	12.7500	12.6778	
37.7280	0.0000	1.0359	26.7595	26.7968	0.0000	3.1974	0.0000	-886.5065	12.7500	12.6778	
37.7790	0.0000	1.0987	26.7576	26.8569	0.0000	3.1974	0.0000	-886.5065	12.7500	12.7259	
37.8280	0.0000	1.0987	26.7596	26.8569	0.0000	3.1974	0.0000	-886.5065	12.7500	12.7259	
37.8780	0.0000	1.0359	26.7432	26.8569	0.0000	3.1974	0.0000	-888.7319	12.7500	12.8111	
37.9290	0.0000	1.0359	26.7380	26.7968	0.0000	3.1974	0.0000	-886.5065	12.7500	12.8148	
37.9780	0.0000	1.0359	26.7320	26.7968	0.0000	3.1974	0.0000	-886.5065	12.7500	12.8148	
38.0290	0.0000	1.0987	26.7281	26.7968	0.0000	3.1974	0.0000	-888.7319	12.7500	12.8074	
38.0790	0.0000	1.0987	26.7231	26.7968	0.0000	3.2579	0.0000	-884.2812	12.7500	12.7889	
38.1290	0.0000	1.0987	26.7226	26.7968	0.0000	3.2579	0.0000	-884.2812	12.7500	12.7889	
38.1790	0.0000	1.0359	26.7214	26.8569	0.0000	3.2579	0.0000	-888.7319	12.7500	12.7778	
38.2280	0.0000	1.0359	26.7191	26.8569	0.0000	3.2579	0.0000	-888.7319	12.7500	12.7778	
38.2780	0.0000	1.0359	26.7224	26.7368	0.0000	3.2579	0.0000	-888.7319	12.7500	12.7519	
38.3280	0.0000	1.0359	26.7265	26.7968	0.0000	3.2579	0.0000	-888.7319	12.7500	12.7259	
38.3790	0.0000	1.0359	26.7286	26.7968	0.0000	3.2579	0.0000	-888.7319	12.7500	12.7259	
38.4280	0.0000	1.1615	26.7328	26.7968	0.0000	3.2579	0.0000	-888.7319	12.7500	12.7148	
38.4790	0.0000	1.0987	26.7358	26.7968	0.0000	3.1974	0.0000	-888.7319	12.7500	12.7296	
38.5280	0.0000	1.0987	26.7353	26.7968	0.0000	3.1974	0.0000	-888.7319	12.7500	12.7296	
38.5780	0.0000	1.0359	26.7350	26.7368	0.0000	3.1974	0.0000	-886.5065	12.7500	12.7407	
38.6280	0.0000	1.0359	26.7357	26.7368	0.0000	3.1974	0.0000	-886.5065	12.7500	12.7407	
38.6790	0.0000	1.0987	26.7357	26.7968	0.0000	3.1974	0.0000	-888.7319	12.7500	12.7444	
38.7280	0.0000	1.0987	26.7343	26.7968	0.0000	3.1974	0.0000	-888.7319	12.7500	12.7556	
38.7790	0.0000	0.9732	26.7339	26.7968	0.0000	3.1974	0.0000	-888.7319	12.7500	12.7556	
38.8280	0.0000	0.9732	26.7334	26.7968	0.0000	3.1974	0.0000	-888.7319	12.7500	12.7556	
38.8780	0.0000	1.0987	26.7410	26.7968	0.0000	3.1974	0.0000	-886.5065	12.7500	12.7185	
38.9280	0.0000	1.0359	26.7393	26.7968	0.0000	3.2579	0.0000	-888.7319	12.7500	12.7444	
38.9780	0.0000	1.0359	26.7398	26.7968	0.0000	3.2579	0.0000	-888.7319	12.7500	12.7444	
39.0290	0.0000	1.0359	26.7432	26.7368	0.0000	3.1974	0.0000	-888.7319	12.7500	12.7296	
39.0780	0.0000	1.0987	26.7449	26.7968	0.0000	3.1974	0.0000	-888.7319	12.7500	12.7370	
39.1280	0.0000	1.0987	26.7449	26.7968	0.0000	3.1974	0.0000	-888.7319	12.7500	12.7370	
39.1780	0.0000	1.0987	26.7446	26.8569	0.0000	3.1974	0.0000	-888.7319	12.7500	12.7444	
39.2280	0.0000	1.0987	26.7451	26.8569	0.0000	3.1974	0.0000	-888.7319	12.7500	12.7444	
39.2780	0.0000	1.0359	26.7480	26.8569	0.0000	3.1974	0.0000	-888.7319	12.7500	12.7333	
39.3290	0.0000	1.0359	26.7427	26.8569	0.0000	3.1974	0.0000	-886.5065	12.7500	12.7741	
39.3790	0.0000	1.0359	26.7406	26.8569	0.0000	3.1974	0.0000	-886.5065	12.7500	12.7741	
39.4290	0.0000	1.0359	26.7401	26.8569	0.0000	3.1974	0.0000	-886.5065	12.7500	12.7667	
39.4780	0.0000	1.0359	26.7387	26.8569	0.0000	3.1974	0.0000	-886.5065	12.7500	12.7704	
39.5290	0.0000	1.0359	26.7364	26.8569	0.0000	3.1974	0.0000	-886.5065	12.7500	12.7704	
39.5780	0.0000	1.0987	26.7354	26.7968	0.0000	3.1974	0.0000	-888.7319	12.7500	12.7667	
39.6290	0.0000	1.0987	26.7340	26.7968	0.0000	3.1974	0.0000	-888.7319	12.7500	12.7667	
39.6790	0.0000	1.0987	26.7374	26.7968	0.0000	3.1974	0.0000	-886.5065	12.7500	12.7444	
39.7290	0.0000	1.0987	26.7391	26.7968	0.0000	3.1974	0.0000	-888.7319	12.7500	12.7370	
39.7790	0.0000	1.0987	26.7402	26.7968	0.0000	3.1974	0.0000	-888.7319	12.7500	12.7370	
39.8290	0.0000	1.0987	26.7412	26.7968	0.0000	3.1369	0.0000	-890.9572	12.7500	12.7370	
39.8790	0.0000	1.0987	26.7423	26.7968	0.0000	3.1369	0.0000	-890.9572	12.7500	12.7370	
39.9280	0.0000	1.0987	26.7416	26.8569	0.0000	3.1974	0.0000	-890.9572	12.7500	12.7481	
39.9790	0.0000	1.0987	26.7417	26.8569	0.0000	3.1974	0.0000	-890.9572	12.7500	12.7481	
40.0280	0.0000	1.0987	26.7389	26.7968	0.0000	3.1974	0.0000	-886.5065	12.7500	12.7630	
40.0780	0.0000	1.0359	26.7378	26.8569	0.0000	3.1974	0.0000	-890.9572	12.7500	12.7741	
40.1290	0.0000	1.0359	26.7341	26.8569	0.0000	3.1974	0.0000	-890.9572	12.7500	12.7741	
40.1780	0.0000	1.0987	26.7281	26.7968	0.0000	3.2579	0.0000	-888.7319	12.7500	12.7963	
40.2280	0.0000	1.0987	26.7242	26.7968	0.0000	3.2579	0.0000	-888.7319	12.7500	12.7963	
40.2780	0.0000	1.0359	26.7187	26.8569	0.0000	3.2579	0.0000	-888.7319	12.7500	12.8037	
40.3280	0.0000	1.0359	26.7130	26.7968	0.0000	3.2579	0.0000	-888.7319	12.7500	12.8111	
40.3790	0.0000	1.0359	26.7078	26.7968	0.0000	3.2579	0.0000	-888.7319	12.7500	12.8111	
40.4280	0.0000	1.0359	26.7129	26.7368	0.0000	3.1974	0.0000	-888.7319	12.7500	12.7593	
40.4780	0.0000	1.0359	26.7121	26.7968	0.0000	3.2579	0.0000	-886.5065	12.7500	12.7519	
40.5280	0.0000	1.0359	26.7131	26.7968	0.0000	3.2579	0.0000	-886.5065	12.7500	12.7519	
40.5790	0.0000	1.0359	26.7116	26.7968	0.0000	3.2579	0.0000	-886.5065	12.7500	12.7593	
40.6280	0.0000	1.0359	26.7108	26.7968	0.0000	3.2579	0.0000	-886.5065	12.7500	12.7593	
40.6790	0.0000	1.0359	26.7052	26.7968	0.0000	3.1974	0.0000	-888.7319	12.7500	12.7815	
40.7290	0.0000	1.0359	26.7005	26.7968	0.0000	3.1974	0.0000	-888.7319	12.7500	12.7926	
40.7780	0.0000	1.0359	26.6970	26.7968	0.0000	3.1974	0.0000	-888.7319	12.7500	12.7926	
40.8290	0.0000	1.0359	26.6970	26.8569	0.0000	3.3184	0.0000	-888.7319	12.7500	12.7741	
40.8780	0.0000	1.0359	26.6919	26.8569	0.0000	3.1974	0.0000	-888.7319	12.7500	12.7926	
40.9280	0.0000	1.0359	26.6884	26.7968	0.0000	3.1974	0.0000	-888.7319	12.7500	12.7926	
40.9780	0.0000	1.0359	26.6849	26.7968	0.0000	3.1974	0.0000	-888.7319	12.7500	12.7926	
41.0280	0.0000	1.0359	26.6790	26.7968	0.0000	3.2579	0.0000	-888.7319	12.7500	12.8037	
41.0780	0.0000	1.0359	26.6745	26.7968	0.0000	3.1974	0.0000	-890.9572	12.7500	12.8148	
41.1280	0.0000	1.0359	26.6674	26.8569	0.0000	3.1974	0.0000	-890.9572	12.7500	12.8148	
41.1780	0.0000	1.0359	26.6654	26.7968	0.0000	3.2579	0.0000	-886.5065	12.7500	12.7963	
41.2280	0.0000	1.0359	26.6615	26.7968	0.0000	3.2579	0.0000	-886.5065	12.7500	12.7963	
41.2780	0.0000	1.0987	26.6600	26.7368	0.0000	3.2579	0.0000	-888.7319	12.7500	12.7852	
41.3280	0.0000	1.0359	26.6607	26.6767	0.0000	3.1974	0.0000	-888.7319	12.7500	12.7630	
41.3790	0.0000	1.0359	26.6596	26.6767	0.0000	3.1974	0.0000	-888.7319	12.7500	12.7630	
41.4290	0.0000	1.0359	26.6641	26.7368	0.0000	3.2579	0.0000	-888.7319	12.7500	12.7370	
41.4790	0.0000	1.0359	26.6713	26.7368	0.0000	3.1974	0.0000	-888.7319	12.7500	12.7000	
41.5290	0.0000	1.0359	26.6756	26.7368	0.0000	3.1974	0.0000	-888.7319	12.7500	12.7000	
41.5780	0.0000	1.0987	26.6775	26.7368	0.0000	3.2579	0.0000	-888.7319	12.7500	12.7111	
41.6280	0.0000	1.0987	26.6808	26.7368	0.0000	3.2579	0.0000	-886.5065	12.7500	12.7148	
41.6790	0.0000	1.0987	26.6832	26.7968	0.0000	3.2579	0.0000	-886.5065	12.7500	12.7148	
41.7300	0.0000	1.0359	26.6800	26.8569	0.0000	3.1974	0.0000	-888.7319	12.7500	12.7481	
41.7790	0.0000	1.0359	0.0000	26.8569	0.0000	3.1974	0.0000	-888.7319	0.0000	12.7481	
41.8290	0.0000	1.0359	0.0000	26.7968	0.0000	3.1974	0.0000	-886.5065	0.0000	12.8481	
41.8780	0.0000	1.0359	0.0000	1.7564	0.0000	3.1974	0.0000	-886.5065	0.0000	11.3519	
41.9280	0.0000	1.0359	0.0000	1.7564	0.0000	3.1974	0.0000	-886.5065	0.0000	11.3519	
41.9780	0.0000	1.0359	0.0000	1.7564	0.0000	3.1974	0.0000	-888.7319	0.0000	1.2667	
42.0280	0.0000	1.0359	0.0000	1.0959	0.0000	3.1974	0.0000	-888.7319	0.0000	1.2667	
42.0790	0.0000	0.9732	0.0000	1.0959	0.0000	3.1974	0.0000	-888.7319	0.0000	-8.9926	
42.1280	0.0000	0.9732	0.0000	1.0959	0.0000	3.1974	0.0000	-888.7319	0.0000	-8.9926	
42.1790	0.0000	1.0987	0.0000	1.0358	0.0000	3.1974	0.0000	-888.7319	0.0000	-11.7519	
42.2290	0.0000	1.0987	0.0000	1.0358	0.0000	3.1974	0.0000	-888.7319	0.0000	-11.7519	
42.2780	0.0000	0.9732	0.0000	1.0358	0.0000	3.2579	0.0000	-890.9572	0.0000	-12.9185	
42.3280	0.0000	1.0359	0.0000	1.0358	0.0000	3.1974	0.0000	-888.7319	0.0000	-13.4074	
42.3780	0.0000	1.0359	0.0000	1.0358	0.0000	3.1974	0.0000	-888.7319	0.0000	-13.4074	
42.4290	0.0000	1.0359	0.0000	1.0959	0.0000	3.1974	0.0000	-886.5065	0.0000	-13.6259	
42.4780	0.0000	1.0359	0.0000	1.0959	0.0000	3.1974	0.0000	-888.7319	0.0000	-13.7593	
42.5280	0.0000	1.0359	0.0000	1.0959	0.0000	3.1974	0.0000	-888.7319	0.0000	-13.7593	
42.5790	0.0000	1.0359	0.0000	1.0358	0.0000	3.2579	0.0000	-888.7319	0.0000	-13.8296	
42.6290	0.0000	1.0359	0.0000	1.0358	0.0000	3.2579	0.0000	-888.7319	0.0000	-13.8296	
42.6780	0.0000	0.9732	0.0000	1.0959	0.0000	3.3184	0.0000	-890.9572	0.0000	-13.8519	
42.7290	0.0000	0.9732	0.0000	1.0959	0.0000	3.2579	0.0000	-888.7319	0.0000	-13.8852	
42.7780	0.0000	0.9732	0.0000	1.0959	0.0000	3.2579	0.0000	-888.7319	0.0000	-13.8852	
42.8280	0.0000	1.0359	0.0000	1.0358	0.0000	3.2579	0.0000	-888.7319	0.0000	-13.9185	
42.8780	0.0000	1.0359	0.0000	1.0358	0.0000	3.3184	0.0000	-886.5065	0.0000	-13.9222	
42.9290	0.0000	1.0987	0.0000	1.0358	0.0000	3.3184	0.0000	-886.5065	0.0000	-13.9222	
42.9790	0.0000	1.0987	0.0000	1.0358	0.0000	3.2579	0.0000	-888.7319	0.0000	-13.9741	
43.0290	0.0000	1.0359	0.0000	1.0358	0.0000	3.2579	0.0000	-888.7319	0.0000	-13.9741	
43.0780	0.0000	1.0359	0.0000	1.0358	0.0000	3.2579	0.0000	-888.7319	0.0000	-13.9741	
43.1290	0.0000	1.0359	0.0000	0.9758	0.0000	3.2579	0.0000	-890.9572	0.0000	-14.0037	
43.1780	0.0000	1.0359	0.0000	1.0358	0.0000	3.2579	0.0000	-888.7319	0.0000	-14.0444	
43.2280	0.0000	1.0359	0.0000	1.0358	0.0000	3.2579	0.0000	-888.7319	0.0000	-14.0444	
43.2780	0.0000	1.0359	0.0000	1.0358	0.0000	3.1974	0.0000	-888.7319	0.0000	-14.0481	
43.3280	0.0000	1.0359	0.0000	1.0358	0.0000	3.1974	0.0000	-888.7319	0.0000	-14.0926	
43.3780	0.0000	1.0359	0.0000	1.0358	0.0000	3.1974	0.0000	-888.7319	0.0000	-14.0926	
43.4280	0.0000	1.0359	0.0000	1.0358	0.0000	3.1974	0.0000	-888.7319	0.0000	-14.1259	
